0 0 0 0 0 0 0 0 -0 -0 -0 -0 -0 -0 -0 -0 0 0 0 0 0 0 0 -0 -0 -0 -0 -0 -0 -0 -0 0 0 0 0 0 0 0 -0 -0 -0 -0 -0 -0 -0 -0 0 0 0 0 0 0 0 -0 -0 -0 -0 -0 -0 -0 -0 0 0 0 0 0 0 0 -0 -0 -0 -0 -0 -0 -0 -0 0 0 0 0 0 0 0 -0 -0 -0 -0 -0 -0 -0 -0 0 0 0 0 0 0 0 -0 -0 
0 0.164782 0.301189 0.385734 0.403856 0.352437 0.24033 0.0868398 -0.0816041 -0.235996 -0.349751 -0.403281 -0.387367 -0.304751 -0.169659 -0.00535221 0.159876 0.297575 0.384033 0.404362 0.355062 0.244623 0.0920606 -0.0763541 -0.231621 -0.347004 -0.402635 -0.388934 -0.308261 -0.174506 -0.0107035 0.154943 0.293909 0.382265 0.404797 0.357626 0.248873 0.0972652 -0.071091 -0.227205 -0.344197 -0.401919 -0.390433 -0.311716 -0.179324 -0.0160523 0.149983 0.290191 0.380431 0.405162 0.360127 0.253079 0.102453 -0.0658155 -0.22275 -0.341329 -0.401133 -0.391864 -0.315117 -0.18411 -0.0213995 0.144996 0.286424 0.378531 0.405457 0.362565 0.257242 0.107623 -0.0605286 -0.218257 -0.338402 -0.400277 -0.393226 -0.318464 -0.188864 -0.0267422 0.139985 0.282606 0.376565 0.405681 0.364941 0.26136 0.112774 -0.0552304 -0.213725 -0.335418 -0.399352 -0.394521 -0.321755 -0.193585 -0.0320795 0.134949 0.27874 0.374533 0.405834 0.367253 0.265432 0.117906 -0.0499233 -0.209156 
0 0.301189 0.550516 0.705046 0.738171 0.644187 0.439277 0.158726 -0.149156 -0.431355 -0.639277 -0.737118 -0.708032 -0.557026 -0.310104 -0.0097828 0.292223 0.543909 0.701937 0.739095 0.648985 0.447123 0.168269 -0.13956 -0.423358 -0.634256 -0.735938 -0.710895 -0.56344 -0.318964 -0.0195639 0.283205 0.537208 0.698706 0.739891 0.65367 0.454891 0.177782 -0.129941 -0.415287 -0.629124 -0.734629 -0.713635 -0.569756 -0.327769 -0.0293405 0.274139 0.530413 0.695354 0.740558 0.658241 0.46258 0.187264 -0.120298 -0.407144 -0.623883 -0.733193 -0.71625 -0.575973 -0.336517 -0.0391142 0.265025 0.523527 0.691881 0.741096 0.662699 0.470188 0.196714 -0.110634 -0.398931 -0.618534 -0.731629 -0.718741 -0.58209 -0.345206 -0.0488796 0.255865 0.516549 0.688287 0.741506 0.66704 0.477715 0.206129 -0.10095 -0.390647 -0.613078 -0.729938 -0.721107 -0.588106 -0.353836 -0.0586352 0.24666 0.509482 0.684574 0.741786 0.671266 0.485158 0.215509 -0.0912501 -0.382296 
0 0.385734 0.705046 0.902953 0.945376 0.825011 0.562583 0.203281 -0.191025 -0.552437 -0.818723 -0.944028 -0.906777 -0.713384 -0.39715 -0.0125288 0.37425 0.696585 0.898971 0.94656 0.831155 0.572631 0.215502 -0.178735 -0.542195 -0.812292 -0.942516 -0.910444 -0.721598 -0.408497 -0.0250555 0.362701 0.688003 0.894834 0.947579 0.837156 0.582579 0.227685 -0.166415 -0.531859 -0.80572 -0.94084 -0.913953 -0.729687 -0.419774 -0.0375764 0.35109 0.679301 0.890541 0.948433 0.84301 0.592426 0.23983 -0.154066 -0.52143 -0.799008 -0.939001 -0.917303 -0.737649 -0.430977 -0.0500936 0.339418 0.670481 0.886093 0.949123 0.848719 0.60217 0.251932 -0.14169 -0.510911 -0.792157 -0.936998 -0.920493 -0.745483 -0.442105 -0.0626002 0.327686 0.661545 0.88149 0.949647 0.854279 0.61181 0.26399 -0.129287 -0.500302 -0.78517 -0.934833 -0.923523 -0.753188 -0.453158 -0.0750941 0.315898 0.652494 0.876734 0.950006 0.859691 0.621343 0.276002 -0.116864 -0.489607 
0 0.403856 0.738171 0.945376 0.989793 0.863772 0.589015 0.212832 -0.2 -0.578392 -0.857189 -0.988381 -0.94938 -0.746901 -0.415809 -0.0131175 0.391833 0.729313 0.941208 0.991032 0.870206 0.599535 0.225627 -0.187133 -0.567669 -0.850456 -0.986798 -0.95322 -0.755501 -0.427689 -0.0262327 0.379742 0.720327 0.936876 0.992099 0.876488 0.609951 0.238383 -0.174234 -0.556847 -0.843575 -0.985044 -0.956893 -0.76397 -0.439496 -0.0393419 0.367585 0.711216 0.932381 0.992993 0.882618 0.62026 0.251098 -0.161304 -0.545929 -0.836547 -0.983118 -0.9604 -0.772306 -0.451226 -0.0524471 0.355364 0.701982 0.927724 0.993715 0.888595 0.630462 0.263768 -0.148347 -0.534915 -0.829375 -0.981021 -0.96374 -0.780508 -0.462877 -0.0655413 0.343082 0.692626 0.922905 0.994264 0.894416 0.640554 0.276393 -0.135362 -0.523808 -0.822059 -0.978754 -0.966913 -0.788575 -0.474449 -0.0786223 0.33074 0.68315 0.917926 0.994641 0.900082 0.650535 0.28897 -0.122355 -0.51261 
0 0.352437 0.644187 0.825011 0.863772 0.753796 0.514021 0.185734 -0.174536 -0.504751 -0.748051 -0.86254 -0.828505 -0.651805 -0.362868 -0.0114474 0.341945 0.636456 0.821373 0.864854 0.759411 0.523202 0.1969 -0.163307 -0.495393 -0.742176 -0.861159 -0.831855 -0.659311 -0.373236 -0.0228927 0.331393 0.628615 0.817592 0.865785 0.764893 0.532292 0.208032 -0.15205 -0.485949 -0.736171 -0.859628 -0.835061 -0.666701 -0.383539 -0.0343329 0.320784 0.620664 0.81367 0.866565 0.770242 0.541288 0.219128 -0.140767 -0.476421 -0.730038 -0.857947 -0.838122 -0.673976 -0.393776 -0.0457695 0.310119 0.612606 0.809606 0.867195 0.775459 0.550191 0.230185 -0.129459 -0.46681 -0.723779 -0.856117 -0.841036 -0.681133 -0.403943 -0.0571966 0.299401 0.604441 0.8054 0.867674 0.780538 0.558999 0.241203 -0.118127 -0.457116 -0.717394 -0.854139 -0.843805 -0.688173 -0.414042 -0.068612 0.28863 0.596171 0.801055 0.868003 0.785483 0.567709 0.252178 -0.106777 -0.447345 
0 0.24033 0.439277 0.562583 0.589015 0.514021 0.350516 0.126654 -0.119018 -0.344195 -0.510103 -0.588175 -0.564966 -0.444472 -0.247443 -0.00780606 0.233176 0.434006 0.560102 0.589752 0.51785 0.356776 0.134268 -0.111361 -0.337814 -0.506097 -0.587233 -0.56725 -0.44959 -0.254513 -0.0156108 0.22598 0.428659 0.557524 0.590387 0.521588 0.362975 0.141859 -0.103684 -0.331373 -0.502002 -0.586188 -0.569436 -0.45463 -0.261539 -0.0234119 0.218746 0.423237 0.554849 0.590919 0.525236 0.36911 0.149425 -0.0959903 -0.324876 -0.49782 -0.585042 -0.571523 -0.459591 -0.268519 -0.0312107 0.211473 0.417742 0.552078 0.591349 0.528793 0.375181 0.156965 -0.0882795 -0.318322 -0.493552 -0.583795 -0.573511 -0.464471 -0.275453 -0.0390029 0.204164 0.412174 0.54921 0.591675 0.532257 0.381187 0.164478 -0.0805521 -0.311712 -0.489198 -0.582445 -0.575399 -0.469272 -0.282339 -0.0467872 0.196819 0.406535 0.546247 0.591899 0.535629 0.387126 0.171963 -0.0728119 -0.305049 
0 0.0868398 0.158726 0.203281 0.212832 0.185734 0.126654 0.0457645 -0.0430052 -0.12437 -0.184318 -0.212528 -0.204142 -0.160604 -0.08941 -0.00282061 0.0842546 0.156822 0.202385 0.213098 0.187117 0.128916 0.0485158 -0.0402385 -0.122064 -0.182871 -0.212188 -0.204967 -0.162453 -0.0919646 -0.00564072 0.0816546 0.154889 0.201453 0.213328 0.188468 0.131156 0.0512586 -0.0374648 -0.119737 -0.181391 -0.211811 -0.205757 -0.164274 -0.0945033 -0.00845955 0.0790406 0.15293 0.200487 0.21352 0.189786 0.133372 0.0539927 -0.0346847 -0.117389 -0.17988 -0.211396 -0.206511 -0.166066 -0.0970255 -0.0112775 0.0764128 0.150945 0.199485 0.213675 0.191071 0.135566 0.0567172 -0.0318985 -0.115021 -0.178338 -0.210946 -0.20723 -0.16783 -0.0995308 -0.0140931 0.0737717 0.148933 0.198449 0.213793 0.192323 0.137736 0.0594318 -0.0291063 -0.112633 -0.176765 -0.210458 -0.207912 -0.169565 -0.102019 -0.0169059 0.0711178 0.146895 0.197378 0.213874 0.193542 0.139882 0.0621361 -0.0263095 -0.110225 
-0 -0.0816041 -0.149156 -0.191025 -0.2 -0.174536 -0.119018 -0.0430052 0.0404123 0.116871 0.173205 0.199714 0.191834 0.15092 0.0840193 0.00265055 -0.0791747 -0.147366 -0.190182 -0.20025 -0.175836 -0.121143 -0.0455907 0.0378124 0.114704 0.171845 0.199395 0.19261 0.152658 0.0864198 0.00530063 -0.0767315 -0.145551 -0.189307 -0.200466 -0.177105 -0.123248 -0.0481681 0.035206 0.112518 0.170455 0.19904 0.193352 0.154369 0.0888055 0.00794951 -0.074275 -0.14371 -0.188399 -0.200646 -0.178344 -0.125331 -0.0507373 0.0325935 0.110311 0.169035 0.198651 0.19406 0.156054 0.0911756 0.0105976 -0.0718057 -0.141844 -0.187458 -0.200792 -0.179551 -0.127392 -0.0532976 0.0299752 0.108086 0.167585 0.198227 0.194735 0.157711 0.0935299 0.0132434 -0.0693238 -0.139954 -0.186484 -0.200903 -0.180728 -0.129432 -0.0558485 0.0273514 0.105842 0.166107 0.197769 0.195376 0.159341 0.0958682 0.0158866 -0.0668299 -0.138039 -0.185478 -0.200979 -0.181873 -0.131448 -0.0583898 0.0247233 0.103579 
-0 -0.235996 -0.431355 -0.552437 -0.578392 -0.504751 -0.344195 -0.12437 0.116871 0.337987 0.500904 0.577567 0.554777 0.436457 0.242981 0.00766529 -0.22897 -0.426179 -0.550001 -0.579116 -0.50851 -0.350342 -0.131847 0.109352 0.331721 0.49697 0.576642 0.55702 0.441482 0.249923 0.0153292 -0.221905 -0.420928 -0.54747 -0.57974 -0.512182 -0.356429 -0.1393 0.101815 0.325397 0.492949 0.575617 0.559167 0.446431 0.256823 0.0229897 -0.214801 -0.415604 -0.544843 -0.580262 -0.515763 -0.362453 -0.146731 0.0942592 0.319017 0.488842 0.574492 0.561216 0.451302 0.263677 0.0306478 -0.20766 -0.410208 -0.542122 -0.580684 -0.519256 -0.368415 -0.154135 0.0866874 0.312581 0.484651 0.573266 0.563168 0.456095 0.270485 0.0382995 -0.200482 -0.404741 -0.539306 -0.581005 -0.522658 -0.374312 -0.161512 0.0790994 0.30609 0.480376 0.571941 0.565022 0.460809 0.277248 0.0459434 -0.19327 -0.399203 -0.536396 -0.581225 -0.525969 -0.380144 -0.168861 0.0714988 0.299547 
-0 -0.349751 -0.639277 -0.818723 -0.857189 -0.748051 -0.510103 -0.184318 0.173205 0.500904 0.74235 0.855966 0.82219 0.646837 0.360103 0.0113601 -0.339339 -0.631605 -0.815112 -0.858262 -0.753623 -0.519214 -0.195399 0.162062 0.491618 0.736519 0.854595 0.825515 0.654285 0.370391 0.0227182 -0.328867 -0.623824 -0.811361 -0.859186 -0.759063 -0.528234 -0.206446 0.150891 0.482245 0.73056 0.853076 0.828696 0.66162 0.380616 0.0340712 -0.318339 -0.615933 -0.807468 -0.85996 -0.764372 -0.537163 -0.217458 0.139694 0.47279 0.724474 0.851408 0.831734 0.668839 0.390774 0.0454207 -0.307756 -0.607937 -0.803435 -0.860585 -0.769548 -0.545998 -0.228431 0.128472 0.463252 0.718262 0.849592 0.834626 0.675942 0.400864 0.0567606 -0.297119 -0.599834 -0.799262 -0.861061 -0.774589 -0.554738 -0.239364 0.117227 0.453632 0.711926 0.847628 0.837374 0.682928 0.410886 0.0680891 -0.28643 -0.591627 -0.79495 -0.861387 -0.779497 -0.563382 -0.250256 0.105963 0.443935 
-0 -0.403281 -0.737118 -0.944028 -0.988381 -0.86254 -0.588175 -0.212528 0.199714 0.577567 0.855966 0.986972 0.948027 0.745836 0.415216 0.0130988 -0.391275 -0.728273 -0.939866 -0.989619 -0.868965 -0.59868 -0.225305 0.186866 0.56686 0.849243 0.985391 0.95186 0.754424 0.42708 0.0261953 -0.379201 -0.7193 -0.93554 -0.990684 -0.875238 -0.609081 -0.238043 0.173985 0.556053 0.842373 0.983639 0.955529 0.762881 0.43887 0.0392858 -0.367061 -0.710202 -0.931051 -0.991577 -0.881359 -0.619376 -0.25074 0.161074 0.54515 0.835355 0.981716 0.959031 0.771205 0.450582 0.0523723 -0.354858 -0.700981 -0.926401 -0.992298 -0.887328 -0.629563 -0.263392 0.148135 0.534153 0.828192 0.979622 0.962366 0.779395 0.462217 0.0654479 -0.342593 -0.691639 -0.921589 -0.992847 -0.89314 -0.639641 -0.275999 0.135169 0.523061 0.820887 0.977358 0.965534 0.78745 0.473773 0.0785102 -0.330268 -0.682176 -0.916617 -0.993222 -0.898799 -0.649607 -0.288558 0.12218 0.511879 
-0 -0.387367 -0.708032 -0.906777 -0.94938 -0.828505 -0.564966 -0.204142 0.191834 0.554777 0.82219 0.948027 0.910618 0.716406 0.398832 0.0125819 -0.375835 -0.699535 -0.902779 -0.950569 -0.834676 -0.575056 -0.216415 0.179492 0.544492 0.815733 0.946508 0.9143 0.724655 0.410227 0.0251616 -0.364238 -0.690917 -0.898624 -0.951592 -0.840702 -0.585047 -0.22865 0.16712 0.534111 0.809133 0.944825 0.917824 0.732778 0.421552 0.0377356 -0.352577 -0.682178 -0.894312 -0.95245 -0.846581 -0.594935 -0.240846 0.154718 0.523639 0.802392 0.942978 0.921188 0.740773 0.432803 0.0503058 -0.340855 -0.673321 -0.889846 -0.953143 -0.852314 -0.604721 -0.252999 0.14229 0.513075 0.795512 0.940967 0.924391 0.74864 0.443978 0.0628653 -0.329074 -0.664347 -0.885223 -0.953669 -0.857898 -0.614401 -0.265108 0.129835 0.502421 0.788495 0.938792 0.927434 0.756378 0.455078 0.0754122 -0.317236 -0.655258 -0.880448 -0.95403 -0.863333 -0.623974 -0.277171 0.117359 0.491681 
-0 -0.304751 -0.557026 -0.713384 -0.746901 -0.651805 -0.444472 -0.160604 0.15092 0.436457 0.646837 0.745836 0.716406 0.563614 0.313771 0.0098985 -0.295679 -0.550342 -0.710239 -0.747836 -0.65666 -0.452411 -0.170259 0.141211 0.428365 0.641757 0.744641 0.719303 0.570104 0.322736 0.0197953 -0.286555 -0.543561 -0.70697 -0.748641 -0.661401 -0.460271 -0.179884 0.131477 0.420199 0.636565 0.743317 0.722075 0.576494 0.331645 0.0296875 -0.277381 -0.536686 -0.703578 -0.749316 -0.666026 -0.468051 -0.189479 0.121721 0.41196 0.631262 0.741864 0.724721 0.582785 0.340497 0.0395768 -0.268159 -0.529718 -0.700064 -0.749861 -0.670537 -0.475749 -0.19904 0.111943 0.403649 0.625849 0.740282 0.727242 0.588974 0.349288 0.0494577 -0.258891 -0.522658 -0.696427 -0.750275 -0.674929 -0.483364 -0.208567 0.102144 0.395267 0.620329 0.738571 0.729636 0.595061 0.358021 0.0593286 -0.249577 -0.515507 -0.69267 -0.750559 -0.679205 -0.490896 -0.218057 0.0923293 0.386818 
-0 -0.169659 -0.310104 -0.39715 -0.415809 -0.362868 -0.247443 -0.08941 0.0840193 0.242981 0.360103 0.415216 0.398832 0.313771 0.17468 0.00551062 -0.164608 -0.306382 -0.395399 -0.41633 -0.365571 -0.251863 -0.0947853 0.078614 0.238476 0.357274 0.414551 0.400445 0.317384 0.179671 0.0110203 -0.159529 -0.302607 -0.393579 -0.416778 -0.36821 -0.256239 -0.100144 0.0731951 0.23393 0.354384 0.413814 0.401988 0.320942 0.184631 0.0165274 -0.154422 -0.29878 -0.391691 -0.417154 -0.370785 -0.26057 -0.105485 0.0677634 0.229343 0.351431 0.413005 0.403461 0.324444 0.189559 0.0220329 -0.149288 -0.294901 -0.389734 -0.417457 -0.373296 -0.264855 -0.110808 0.06232 0.224716 0.348418 0.412124 0.404865 0.327889 0.194453 0.0275337 -0.144128 -0.29097 -0.38771 -0.417688 -0.375742 -0.269095 -0.116112 0.056865 0.22005 0.345345 0.411172 0.406197 0.331278 0.199315 0.033029 -0.138943 -0.286989 -0.385618 -0.417846 -0.378122 -0.273288 -0.121395 0.0514009 0.215346 
-0 -0.00535221 -0.0097828 -0.0125288 -0.0131175 -0.0114474 -0.00780606 -0.00282061 0.00265055 0.00766529 0.0113601 0.0130988 0.0125819 0.0098985 0.00551062 0.000173843 -0.00519287 -0.0096654 -0.0124736 -0.0131339 -0.0115326 -0.00794549 -0.00299018 0.00248002 0.00752318 0.0112709 0.0130778 0.0126328 0.0100125 0.00566806 0.000347655 -0.00503263 -0.00954632 -0.0124162 -0.013148 -0.0116159 -0.00808353 -0.00315923 0.00230908 0.00737976 0.0111797 0.0130545 0.0126815 0.0101247 0.00582454 0.000521389 -0.00487152 -0.00942557 -0.0123566 -0.0131599 -0.0116971 -0.00822016 -0.00332774 0.00213772 0.00723506 0.0110866 0.013029 0.0127279 0.0102352 0.00597998 0.000695069 -0.00470956 -0.0093032 -0.0122949 -0.0131695 -0.0117763 -0.00835536 -0.00349566 0.001966 0.0070891 0.0109915 0.0130012 0.0127722 0.0103439 0.00613439 0.000868603 -0.00454678 -0.00917921 -0.012231 -0.0131767 -0.0118535 -0.00848911 -0.00366297 0.00179391 0.00694189 0.0108945 0.0129712 0.0128143 0.0104508 0.00628776 0.00104196 -0.00438321 -0.00905362 -0.012165 -0.0131817 -0.0119286 -0.00862138 -0.00382964 0.00162154 0.0067935 
0 0.159876 0.292223 0.37425 0.391833 0.341945 0.233176 0.0842546 -0.0791747 -0.22897 -0.339339 -0.391275 -0.375835 -0.295679 -0.164608 -0.00519287 0.155117 0.288716 0.3726 0.392324 0.344492 0.23734 0.0893199 -0.074081 -0.224726 -0.336674 -0.390648 -0.377355 -0.299083 -0.169311 -0.0103848 0.15033 0.285159 0.370885 0.392746 0.346979 0.241464 0.0943695 -0.0689746 -0.220441 -0.33395 -0.389953 -0.378809 -0.302436 -0.173985 -0.0155744 0.145517 0.281552 0.369105 0.3931 0.349405 0.245545 0.0994031 -0.0638562 -0.216119 -0.331168 -0.389191 -0.380198 -0.305736 -0.178629 -0.0207625 0.14068 0.277897 0.367262 0.393386 0.351772 0.249584 0.104419 -0.0587266 -0.211759 -0.328328 -0.388361 -0.38152 -0.308983 -0.183241 -0.0259461 0.135817 0.274193 0.365354 0.393604 0.354076 0.253579 0.109417 -0.0535862 -0.207362 -0.325432 -0.387463 -0.382776 -0.312176 -0.187822 -0.0311245 0.130931 0.270441 0.363383 0.393753 0.356319 0.25753 0.114396 -0.0484371 -0.202929 
0 0.297575 0.543909 0.696585 0.729313 0.636456 0.434006 0.156822 -0.147366 -0.426179 -0.631605 -0.728273 -0.699535 -0.550342 -0.306382 -0.0096654 0.288716 0.537382 0.693513 0.730226 0.641197 0.441757 0.16625 -0.137886 -0.418278 -0.626645 -0.727106 -0.702364 -0.556679 -0.315136 -0.0193291 0.279807 0.530761 0.690322 0.731012 0.645826 0.449432 0.175648 -0.128381 -0.410304 -0.621575 -0.725813 -0.705071 -0.562919 -0.323836 -0.0289884 0.270849 0.524048 0.687009 0.731671 0.650342 0.457029 0.185017 -0.118854 -0.402259 -0.616396 -0.724394 -0.707655 -0.569061 -0.332478 -0.0386448 0.261844 0.517244 0.683578 0.732203 0.654746 0.464546 0.194353 -0.109307 -0.394144 -0.611111 -0.722849 -0.710116 -0.575104 -0.341063 -0.0482931 0.252794 0.51035 0.680027 0.732607 0.659036 0.471982 0.203656 -0.099739 -0.385959 -0.605721 -0.721179 -0.712454 -0.581048 -0.34959 -0.0579315 0.2437 0.503368 0.676359 0.732885 0.663211 0.479336 0.212922 -0.0901551 -0.377709 
0 0.384033 0.701937 0.898971 0.941208 0.821373 0.560102 0.202385 -0.190182 -0.550001 -0.815112 -0.939866 -0.902779 -0.710239 -0.395399 -0.0124736 0.3726 0.693513 0.895007 0.942386 0.827491 0.570106 0.214552 -0.177947 -0.539805 -0.80871 -0.93836 -0.90643 -0.718417 -0.406696 -0.024945 0.361102 0.684969 0.890888 0.943401 0.833465 0.58001 0.226681 -0.165681 -0.529513 -0.802168 -0.936692 -0.909923 -0.72647 -0.417923 -0.0374108 0.349542 0.676305 0.886614 0.944251 0.839293 0.589814 0.238772 -0.153386 -0.519131 -0.795484 -0.93486 -0.913258 -0.734396 -0.429077 -0.0498727 0.337921 0.667525 0.882185 0.944938 0.844977 0.599515 0.250821 -0.141065 -0.508658 -0.788664 -0.932867 -0.916434 -0.742196 -0.440156 -0.0623242 0.326241 0.658628 0.877603 0.94546 0.850512 0.609112 0.262826 -0.128717 -0.498096 -0.781707 -0.93071 -0.919451 -0.749867 -0.45116 -0.074763 0.314505 0.649617 0.872869 0.945817 0.855901 0.618603 0.274785 -0.116349 -0.487448 
0 0.404362 0.739095 0.94656 0.991032 0.864854 0.589752 0.213098 -0.20025 -0.579116 -0.858262 -0.989619 -0.950569 -0.747836 -0.41633 -0.0131339 0.392324 0.730226 0.942386 0.992273 0.871295 0.600286 0.225909 -0.187367 -0.56838 -0.851521 -0.988034 -0.954413 -0.756447 -0.428225 -0.0262655 0.380218 0.721229 0.938049 0.993341 0.877585 0.610714 0.238681 -0.174452 -0.557544 -0.844632 -0.986277 -0.958091 -0.764926 -0.440046 -0.0393912 0.368045 0.712107 0.933548 0.994237 0.883723 0.621037 0.251412 -0.161506 -0.546612 -0.837595 -0.984349 -0.961603 -0.773273 -0.451791 -0.0525128 0.355809 0.702861 0.928885 0.994959 0.889707 0.631251 0.264098 -0.148532 -0.535585 -0.830413 -0.982249 -0.964947 -0.781485 -0.463456 -0.0656234 0.343511 0.693494 0.92406 0.995509 0.895536 0.641356 0.276739 -0.135531 -0.524463 -0.823088 -0.979979 -0.968123 -0.789562 -0.475043 -0.0787207 0.331154 0.684005 0.919075 0.995886 0.901209 0.651349 0.289331 -0.122508 -0.513252 
0 0.355062 0.648985 0.831155 0.870206 0.759411 0.51785 0.187117 -0.175836 -0.50851 -0.753623 -0.868965 -0.834676 -0.65666 -0.365571 -0.0115326 0.344492 0.641197 0.827491 0.871295 0.765067 0.527099 0.198367 -0.164523 -0.499083 -0.747703 -0.867573 -0.838051 -0.664221 -0.376016 -0.0230632 0.333862 0.633297 0.823682 0.872233 0.77059 0.536256 0.209581 -0.153183 -0.489568 -0.741654 -0.86603 -0.841281 -0.671667 -0.386396 -0.0345886 0.323173 0.625287 0.81973 0.873019 0.775979 0.54532 0.22076 -0.141815 -0.479969 -0.735475 -0.864337 -0.844364 -0.678996 -0.396708 -0.0461104 0.312429 0.617168 0.815636 0.873654 0.781234 0.554289 0.2319 -0.130423 -0.470287 -0.729169 -0.862494 -0.847301 -0.686206 -0.406952 -0.0576226 0.30163 0.608943 0.811399 0.874137 0.786352 0.563162 0.242999 -0.119007 -0.460521 -0.722738 -0.8605 -0.85009 -0.693299 -0.417126 -0.0691231 0.290779 0.600612 0.807022 0.874468 0.791334 0.571937 0.254056 -0.107572 -0.450677 
0 0.244623 0.447123 0.572631 0.599535 0.523202 0.356776 0.128916 -0.121143 -0.350342 -0.519214 -0.59868 -0.575056 -0.452411 -0.251863 -0.00794549 0.23734 0.441757 0.570106 0.600286 0.527099 0.363149 0.136666 -0.11335 -0.343847 -0.515136 -0.597721 -0.577382 -0.45762 -0.259059 -0.0158896 0.230016 0.436315 0.567482 0.600932 0.530904 0.369458 0.144393 -0.105536 -0.337292 -0.510969 -0.596658 -0.579607 -0.46275 -0.266211 -0.0238301 0.222653 0.430796 0.564759 0.601474 0.534617 0.375703 0.152094 -0.0977048 -0.330679 -0.506711 -0.595492 -0.581731 -0.467799 -0.273315 -0.0317681 0.21525 0.425203 0.561939 0.601911 0.538237 0.381882 0.159769 -0.0898562 -0.324008 -0.502367 -0.594222 -0.583754 -0.472767 -0.280373 -0.0396995 0.207811 0.419536 0.55902 0.602243 0.541763 0.387995 0.167416 -0.0819909 -0.317279 -0.497936 -0.592848 -0.585676 -0.477654 -0.287382 -0.0476229 0.200335 0.413796 0.556004 0.602471 0.545196 0.39404 0.175034 -0.0741124 -0.310497 
0 0.0920606 0.168269 0.215502 0.225627 0.1969 0.134268 0.0485158 -0.0455907 -0.131847 -0.195399 -0.225305 -0.216415 -0.170259 -0.0947853 -0.00299018 0.0893199 0.16625 0.214552 0.225909 0.198367 0.136666 0.0514325 -0.0426576 -0.129402 -0.193865 -0.224944 -0.21729 -0.172219 -0.0974934 -0.00597984 0.0865636 0.164201 0.213564 0.226153 0.199799 0.139041 0.0543402 -0.0397172 -0.126935 -0.192296 -0.224544 -0.218127 -0.17415 -0.100185 -0.00896813 0.0837924 0.162124 0.21254 0.226357 0.201196 0.141391 0.0572387 -0.0367699 -0.124446 -0.190694 -0.224105 -0.218927 -0.17605 -0.102859 -0.0119555 0.0810067 0.16002 0.211478 0.226521 0.202559 0.143716 0.060127 -0.0338162 -0.121936 -0.189059 -0.223627 -0.219688 -0.17792 -0.105515 -0.0149404 0.0782068 0.157887 0.21038 0.226646 0.203885 0.146017 0.0630048 -0.0308562 -0.119404 -0.187391 -0.223111 -0.220411 -0.179759 -0.108152 -0.0179222 0.0753933 0.155727 0.209245 0.226732 0.205177 0.148292 0.0658717 -0.0278912 -0.116851 
-0 -0.0763541 -0.13956 -0.178735 -0.187133 -0.163307 -0.111361 -0.0402385 0.0378124 0.109352 0.162062 0.186866 0.179492 0.141211 0.078614 0.00248002 -0.074081 -0.137886 -0.177947 -0.187367 -0.164523 -0.11335 -0.0426576 0.0353798 0.107325 0.160789 0.186567 0.180218 0.142837 0.0808601 0.00495962 -0.071795 -0.136187 -0.177128 -0.187569 -0.165711 -0.115319 -0.0450692 0.0329411 0.105279 0.159489 0.186235 0.180913 0.144438 0.0830923 0.00743808 -0.0694966 -0.134464 -0.176278 -0.187738 -0.16687 -0.117268 -0.0474732 0.0304966 0.103215 0.15816 0.185871 0.181576 0.146014 0.0853099 0.00991579 -0.0671861 -0.132719 -0.175398 -0.187874 -0.168 -0.119197 -0.0498687 0.0280468 0.101132 0.156804 0.185474 0.182207 0.147565 0.0875127 0.0123914 -0.0648639 -0.13095 -0.174487 -0.187978 -0.169101 -0.121105 -0.0522556 0.0255918 0.0990324 0.155421 0.185046 0.182807 0.14909 0.0897006 0.0148645 -0.0625305 -0.129158 -0.173545 -0.188049 -0.170172 -0.122992 -0.0546333 0.0231327 0.0969154 
-0 -0.231621 -0.423358 -0.542195 -0.567669 -0.495393 -0.337814 -0.122064 0.114704 0.331721 0.491618 0.56686 0.544492 0.428365 0.238476 0.00752318 -0.224726 -0.418278 -0.539805 -0.56838 -0.499083 -0.343847 -0.129402 0.107325 0.325572 0.487756 0.565952 0.546694 0.433298 0.24529 0.0150451 -0.217791 -0.413124 -0.53732 -0.568992 -0.502686 -0.349821 -0.136718 0.099927 0.319365 0.48381 0.564946 0.548801 0.438155 0.252061 0.0225635 -0.210819 -0.407899 -0.534742 -0.569505 -0.506202 -0.355734 -0.14401 0.0925117 0.313103 0.479779 0.563841 0.550812 0.442935 0.258788 0.0300796 -0.20381 -0.402603 -0.532071 -0.569919 -0.50963 -0.361585 -0.151277 0.0850803 0.306786 0.475666 0.562638 0.552727 0.447639 0.265471 0.0375895 -0.196765 -0.397237 -0.529307 -0.570234 -0.512968 -0.367373 -0.158518 0.077633 0.300416 0.47147 0.561338 0.554547 0.452266 0.272108 0.0450917 -0.189687 -0.391802 -0.526452 -0.57045 -0.516218 -0.373097 -0.165731 0.0701733 0.293994 
-0 -0.347004 -0.634256 -0.812292 -0.850456 -0.742176 -0.506097 -0.182871 0.171845 0.49697 0.736519 0.849243 0.815733 0.641757 0.357274 0.0112709 -0.336674 -0.626645 -0.80871 -0.851521 -0.747703 -0.515136 -0.193865 0.160789 0.487756 0.730734 0.847883 0.819031 0.649146 0.367482 0.0225398 -0.326284 -0.618924 -0.804988 -0.852437 -0.753102 -0.524086 -0.204825 0.149706 0.478458 0.724822 0.846375 0.822188 0.656423 0.377627 0.0338036 -0.315839 -0.611096 -0.801126 -0.853206 -0.758368 -0.532944 -0.21575 0.138597 0.469076 0.718783 0.844721 0.825201 0.663586 0.387705 0.0450639 -0.305338 -0.603162 -0.797125 -0.853826 -0.763504 -0.541709 -0.226637 0.127463 0.459613 0.712621 0.842919 0.828071 0.670633 0.397716 0.0563148 -0.294785 -0.595123 -0.792984 -0.854298 -0.768506 -0.550381 -0.237484 0.116306 0.450069 0.706335 0.840971 0.830797 0.677564 0.407659 0.0675543 -0.28418 -0.58698 -0.788706 -0.854621 -0.773374 -0.558957 -0.24829 0.10513 0.440448 
-0 -0.402635 -0.735938 -0.942516 -0.986798 -0.861159 -0.587233 -0.212188 0.199395 0.576642 0.854595 0.985391 0.946508 0.744641 0.414551 0.0130778 -0.390648 -0.727106 -0.93836 -0.988034 -0.867573 -0.597721 -0.224944 0.186567 0.565952 0.847883 0.983813 0.950336 0.753216 0.426396 0.0261533 -0.378593 -0.718148 -0.934041 -0.989097 -0.873836 -0.608105 -0.237661 0.173707 0.555162 0.841023 0.982064 0.953998 0.761659 0.438167 0.0392229 -0.366473 -0.709065 -0.92956 -0.989989 -0.879947 -0.618384 -0.250338 0.160816 0.544277 0.834017 0.980144 0.957495 0.769969 0.449861 0.0522885 -0.354289 -0.699859 -0.924917 -0.990709 -0.885906 -0.628555 -0.26297 0.147898 0.533297 0.826866 0.978053 0.960825 0.778146 0.461477 0.065343 -0.342044 -0.690531 -0.920113 -0.991256 -0.89171 -0.638616 -0.275557 0.134952 0.522223 0.819572 0.975793 0.963987 0.786189 0.473014 0.0783844 -0.329739 -0.681083 -0.915149 -0.991631 -0.897359 -0.648567 -0.288095 0.121985 0.51106 
-0 -0.388934 -0.710895 -0.910444 -0.95322 -0.831855 -0.56725 -0.204967 0.19261 0.55702 0.825515 0.95186 0.9143 0.719303 0.400445 0.0126328 -0.377355 -0.702364 -0.90643 -0.954413 -0.838051 -0.577382 -0.21729 0.180218 0.546694 0.819031 0.950336 0.917998 0.727585 0.411886 0.0252634 -0.36571 -0.693711 -0.902258 -0.95544 -0.844102 -0.587413 -0.229574 0.167796 0.536271 0.812405 0.948646 0.921536 0.735741 0.423257 0.0378882 -0.354003 -0.684937 -0.897929 -0.956302 -0.850004 -0.597341 -0.24182 0.155344 0.525756 0.805637 0.946791 0.924913 0.743769 0.434553 0.0505092 -0.342234 -0.676044 -0.893444 -0.956997 -0.855761 -0.607166 -0.254022 0.142865 0.51515 0.798729 0.944772 0.92813 0.751668 0.445773 0.0631195 -0.330405 -0.667034 -0.888803 -0.957526 -0.861367 -0.616885 -0.26618 0.13036 0.504453 0.791684 0.942588 0.931185 0.759437 0.456918 0.0757171 -0.318519 -0.657907 -0.884008 -0.957888 -0.866824 -0.626497 -0.278292 0.117834 0.493669 
-0 -0.308261 -0.56344 -0.721598 -0.755501 -0.659311 -0.44959 -0.162453 0.152658 0.441482 0.654285 0.754424 0.724655 0.570104 0.317384 0.0100125 -0.299083 -0.556679 -0.718417 -0.756447 -0.664221 -0.45762 -0.172219 0.142837 0.433298 0.649146 0.753216 0.727585 0.576668 0.326452 0.0200232 -0.289854 -0.54982 -0.71511 -0.757261 -0.669017 -0.465571 -0.181956 0.132991 0.425037 0.643895 0.751876 0.730389 0.583132 0.335464 0.0300294 -0.280575 -0.542866 -0.711679 -0.757944 -0.673695 -0.47344 -0.191661 0.123122 0.416703 0.63853 0.750406 0.733066 0.589495 0.344417 0.0400325 -0.271247 -0.535818 -0.708124 -0.758495 -0.678258 -0.481227 -0.201332 0.113232 0.408297 0.633055 0.748806 0.735615 0.595756 0.35331 0.0500272 -0.261872 -0.528676 -0.704446 -0.758914 -0.682701 -0.48893 -0.210969 0.10332 0.399818 0.627471 0.747075 0.738037 0.601913 0.362143 0.0600118 -0.252451 -0.521443 -0.700646 -0.759201 -0.687026 -0.496548 -0.220568 0.0933925 0.391272 
-0 -0.174506 -0.318964 -0.408497 -0.427689 -0.373236 -0.254513 -0.0919646 0.0864198 0.249923 0.370391 0.42708 0.410227 0.322736 0.179671 0.00566806 -0.169311 -0.315136 -0.406696 -0.428225 -0.376016 -0.259059 -0.0974934 0.0808601 0.24529 0.367482 0.426396 0.411886 0.326452 0.184805 0.0113351 -0.164087 -0.311253 -0.404824 -0.428686 -0.378731 -0.26356 -0.103005 0.0752864 0.240614 0.364509 0.425637 0.413474 0.330111 0.189906 0.0169996 -0.158834 -0.307317 -0.402882 -0.429072 -0.381379 -0.268014 -0.108499 0.0696995 0.235896 0.361472 0.424805 0.414989 0.333713 0.194975 0.0226624 -0.153553 -0.303327 -0.400869 -0.429384 -0.383962 -0.272423 -0.113974 0.0641006 0.231137 0.358373 0.423899 0.416432 0.337257 0.200009 0.0283204 -0.148246 -0.299284 -0.398787 -0.429622 -0.386477 -0.276783 -0.119429 0.0584897 0.226337 0.355212 0.422919 0.417803 0.340743 0.205009 0.0339727 -0.142913 -0.295189 -0.396636 -0.429784 -0.388926 -0.281096 -0.124864 0.0528695 0.221499 
-0 -0.0107035 -0.0195639 -0.0250555 -0.0262327 -0.0228927 -0.0156108 -0.00564072 0.00530063 0.0153292 0.0227182 0.0261953 0.0251616 0.0197953 0.0110203 0.000347655 -0.0103848 -0.0193291 -0.024945 -0.0262655 -0.0230632 -0.0158896 -0.00597984 0.00495962 0.0150451 0.0225398 0.0261533 0.0252634 0.0200232 0.0113351 0.00069525 -0.0100644 -0.019091 -0.0248302 -0.0262938 -0.0232297 -0.0161656 -0.0063179 0.00461775 0.0147582 0.0223575 0.0261068 0.0253607 0.0202477 0.0116481 0.00104269 -0.00974219 -0.0188495 -0.0247111 -0.0263175 -0.0233922 -0.0164389 -0.00665489 0.00427508 0.0144689 0.0221712 0.0260558 0.0254537 0.0204686 0.0119589 0.00139002 -0.00941829 -0.0186048 -0.0245877 -0.0263366 -0.0235506 -0.0167093 -0.0069907 0.00393166 0.014177 0.0219811 0.0260002 0.0255422 0.020686 0.0122677 0.00173706 -0.00909277 -0.0183568 -0.0244599 -0.0263512 -0.0237049 -0.0169767 -0.0073253 0.00358752 0.0138826 0.0217872 0.0259401 0.0256263 0.0208998 0.0125744 0.00208374 -0.00876566 -0.0181057 -0.024328 -0.0263612 -0.0238551 -0.0172413 -0.00765862 0.00324279 0.0135858 
0 0.154943 0.283205 0.362701 0.379742 0.331393 0.22598 0.0816546 -0.0767315 -0.221905 -0.328867 -0.379201 -0.364238 -0.286555 -0.159529 -0.00503263 0.15033 0.279807 0.361102 0.380218 0.333862 0.230016 0.0865636 -0.071795 -0.217791 -0.326284 -0.378593 -0.36571 -0.289854 -0.164087 -0.0100644 0.145691 0.276359 0.35944 0.380627 0.336272 0.234013 0.0914574 -0.0668462 -0.213639 -0.323645 -0.37792 -0.36712 -0.293103 -0.168616 -0.0150938 0.141027 0.272864 0.357716 0.38097 0.338623 0.237968 0.0963357 -0.0618857 -0.20945 -0.320948 -0.377181 -0.368465 -0.296302 -0.173116 -0.0201218 0.136338 0.269321 0.355929 0.381247 0.340917 0.241882 0.101197 -0.0569144 -0.205225 -0.318196 -0.376377 -0.369747 -0.299448 -0.177586 -0.0251455 0.131626 0.265732 0.35408 0.381458 0.34315 0.245754 0.10604 -0.0519326 -0.200963 -0.31539 -0.375507 -0.370964 -0.302543 -0.182026 -0.0301641 0.126891 0.262096 0.35217 0.381602 0.345324 0.249583 0.110866 -0.0469424 -0.196667 
0 0.293909 0.537208 0.688003 0.720327 0.628615 0.428659 0.154889 -0.145551 -0.420928 -0.623824 -0.7193 -0.690917 -0.543561 -0.302607 -0.00954632 0.285159 0.530761 0.684969 0.721229 0.633297 0.436315 0.164201 -0.136187 -0.413124 -0.618924 -0.718148 -0.693711 -0.54982 -0.311253 -0.019091 0.276359 0.524222 0.681816 0.722005 0.637869 0.443895 0.173484 -0.126799 -0.405248 -0.613917 -0.716871 -0.696384 -0.555983 -0.319846 -0.0286313 0.267512 0.517592 0.678545 0.722656 0.64233 0.451398 0.182738 -0.11739 -0.397303 -0.608802 -0.715469 -0.698937 -0.56205 -0.328382 -0.0381687 0.258618 0.510872 0.675156 0.723182 0.64668 0.458822 0.191959 -0.10796 -0.389288 -0.603582 -0.713944 -0.701367 -0.568019 -0.336861 -0.0476981 0.24968 0.504063 0.671649 0.723581 0.650916 0.466167 0.201146 -0.0985101 -0.381204 -0.598258 -0.712294 -0.703676 -0.57389 -0.345283 -0.0572178 0.240698 0.497166 0.668026 0.723855 0.65504 0.47343 0.210299 -0.0890444 -0.373055 
0 0.382265 0.698706 0.894834 0.936876 0.817592 0.557524 0.201453 -0.189307 -0.54747 -0.811361 -0.93554 -0.898624 -0.70697 -0.393579 -0.0124162 0.370885 0.690322 0.890888 0.938049 0.823682 0.567482 0.213564 -0.177128 -0.53732 -0.804988 -0.934041 -0.902258 -0.71511 -0.404824 -0.0248302 0.35944 0.681816 0.886788 0.939058 0.829629 0.577341 0.225638 -0.164919 -0.527076 -0.798476 -0.93238 -0.905735 -0.723126 -0.416 -0.0372386 0.347933 0.673193 0.882533 0.939905 0.83543 0.587099 0.237673 -0.15268 -0.516742 -0.791823 -0.930558 -0.909054 -0.731016 -0.427102 -0.0496432 0.336366 0.664452 0.878125 0.940588 0.841088 0.596756 0.249666 -0.140416 -0.506317 -0.785034 -0.928573 -0.912216 -0.73878 -0.43813 -0.0620373 0.32474 0.655597 0.873564 0.941108 0.846598 0.606308 0.261616 -0.128125 -0.495803 -0.77811 -0.926427 -0.915219 -0.746415 -0.449084 -0.0744189 0.313057 0.646627 0.868851 0.941464 0.851961 0.615756 0.27352 -0.115813 -0.485205 
0 0.404797 0.739891 0.947579 0.992099 0.865785 0.590387 0.213328 -0.200466 -0.57974 -0.859186 -0.990684 -0.951592 -0.748641 -0.416778 -0.013148 0.392746 0.731012 0.943401 0.993341 0.872233 0.600932 0.226153 -0.187569 -0.568992 -0.852437 -0.989097 -0.95544 -0.757261 -0.428686 -0.0262938 0.380627 0.722005 0.939058 0.99441 0.87853 0.611372 0.238938 -0.17464 -0.558144 -0.845541 -0.987339 -0.959123 -0.76575 -0.44052 -0.0394336 0.368442 0.712873 0.934553 0.995307 0.884674 0.621705 0.251683 -0.16168 -0.547201 -0.838496 -0.985408 -0.962638 -0.774105 -0.452277 -0.0525693 0.356192 0.703618 0.929885 0.99603 0.890665 0.631931 0.264383 -0.148692 -0.536162 -0.831307 -0.983307 -0.965986 -0.782326 -0.463955 -0.065694 0.343881 0.69424 0.925055 0.996581 0.8965 0.642047 0.277037 -0.135677 -0.525028 -0.823974 -0.981034 -0.969165 -0.790412 -0.475555 -0.0788054 0.33151 0.684742 0.920065 0.996958 0.902179 0.652051 0.289643 -0.12264 -0.513805 
0 0.357626 0.65367 0.837156 0.876488 0.764893 0.521588 0.188468 -0.177105 -0.512182 -0.759063 -0.875238 -0.840702 -0.661401 -0.36821 -0.0116159 0.346979 0.645826 0.833465 0.877585 0.77059 0.530904 0.199799 -0.165711 -0.502686 -0.753102 -0.873836 -0.844102 -0.669017 -0.378731 -0.0232297 0.336272 0.637869 0.829629 0.87853 0.776154 0.540128 0.211094 -0.154289 -0.493103 -0.747009 -0.872283 -0.847355 -0.676516 -0.389186 -0.0348383 0.325507 0.629801 0.825648 0.879322 0.781582 0.549257 0.222354 -0.142839 -0.483434 -0.740785 -0.870577 -0.85046 -0.683898 -0.399573 -0.0464433 0.314685 0.621624 0.821524 0.879962 0.786875 0.558291 0.233574 -0.131365 -0.473682 -0.734434 -0.868721 -0.853418 -0.691161 -0.40989 -0.0580386 0.303808 0.613339 0.817257 0.880448 0.792029 0.567228 0.244753 -0.119866 -0.463846 -0.727956 -0.866713 -0.856227 -0.698304 -0.420137 -0.0696221 0.292879 0.604948 0.812848 0.880781 0.797047 0.576066 0.25589 -0.108348 -0.45393 
0 0.248873 0.454891 0.582579 0.609951 0.532292 0.362975 0.131156 -0.123248 -0.356429 -0.528234 -0.609081 -0.585047 -0.460271 -0.256239 -0.00808353 0.241464 0.449432 0.58001 0.610714 0.536256 0.369458 0.139041 -0.115319 -0.349821 -0.524086 -0.608105 -0.587413 -0.465571 -0.26356 -0.0161656 0.234013 0.443895 0.577341 0.611372 0.540128 0.375876 0.146901 -0.10737 -0.343152 -0.519846 -0.607024 -0.589676 -0.470789 -0.270835 -0.0242441 0.226521 0.43828 0.574571 0.611923 0.543905 0.38223 0.154737 -0.0994022 -0.336423 -0.515515 -0.605837 -0.591838 -0.475926 -0.278064 -0.0323201 0.21899 0.43259 0.571701 0.612368 0.547588 0.388516 0.162545 -0.0914173 -0.329637 -0.511095 -0.604545 -0.593896 -0.480981 -0.285244 -0.0403892 0.211421 0.426825 0.568731 0.612706 0.551175 0.394736 0.170325 -0.0834153 -0.322792 -0.506586 -0.603148 -0.595851 -0.485952 -0.292375 -0.0484502 0.203815 0.420985 0.565663 0.612938 0.554667 0.400886 0.178075 -0.0754 -0.315891 
0 0.0972652 0.177782 0.227685 0.238383 0.208032 0.141859 0.0512586 -0.0481681 -0.1393 -0.206446 -0.238043 -0.22865 -0.179884 -0.100144 -0.00315923 0.0943695 0.175648 0.226681 0.238681 0.209581 0.144393 0.0543402 -0.0450692 -0.136718 -0.204825 -0.237661 -0.229574 -0.181956 -0.103005 -0.0063179 0.0914574 0.173484 0.225638 0.238938 0.211094 0.146901 0.0574123 -0.0419626 -0.134112 -0.203168 -0.237239 -0.230459 -0.183995 -0.105849 -0.00947514 0.0885296 0.17129 0.224555 0.239153 0.21257 0.149384 0.0604746 -0.0388487 -0.131482 -0.201475 -0.236775 -0.231304 -0.186003 -0.108674 -0.0126314 0.0855863 0.169066 0.223434 0.239327 0.21401 0.151841 0.0635262 -0.035728 -0.12883 -0.199747 -0.23627 -0.232108 -0.187978 -0.11148 -0.015785 0.0826281 0.166813 0.222273 0.23946 0.215412 0.154272 0.0665667 -0.0326006 -0.126154 -0.197986 -0.235724 -0.232872 -0.189921 -0.114267 -0.0189355 0.0796556 0.16453 0.221074 0.23955 0.216777 0.156675 0.0695957 -0.029468 -0.123458 
-0 -0.071091 -0.129941 -0.166415 -0.174234 -0.15205 -0.103684 -0.0374648 0.035206 0.101815 0.150891 0.173985 0.16712 0.131477 0.0731951 0.00230908 -0.0689746 -0.128381 -0.165681 -0.174452 -0.153183 -0.105536 -0.0397172 0.0329411 0.099927 0.149706 0.173707 0.167796 0.132991 0.0752864 0.00461775 -0.0668462 -0.126799 -0.164919 -0.17464 -0.154289 -0.10737 -0.0419626 0.0306704 0.098022 0.148495 0.173398 0.168442 0.134482 0.0773647 0.00692537 -0.0647062 -0.125196 -0.164127 -0.174797 -0.155368 -0.109185 -0.0442008 0.0283944 0.0961 0.147258 0.173059 0.16906 0.135949 0.0794295 0.00923229 -0.0625549 -0.12357 -0.163308 -0.174924 -0.15642 -0.11098 -0.0464312 0.0261135 0.0941614 0.145995 0.17269 0.169648 0.137393 0.0814804 0.0115373 -0.0603928 -0.121923 -0.162459 -0.175021 -0.157444 -0.112757 -0.0486536 0.0238278 0.0922061 0.144707 0.17229 0.170206 0.138813 0.0835175 0.0138399 -0.0582202 -0.120255 -0.161583 -0.175087 -0.158442 -0.114514 -0.0508674 0.0215382 0.090235 
-0 -0.227205 -0.415287 -0.531859 -0.556847 -0.485949 -0.331373 -0.119737 0.112518 0.325397 0.482245 0.556053 0.534111 0.420199 0.23393 0.00737976 -0.220441 -0.410304 -0.529513 -0.557544 -0.489568 -0.337292 -0.126935 0.105279 0.319365 0.478458 0.555162 0.536271 0.425037 0.240614 0.0147582 -0.213639 -0.405248 -0.527076 -0.558144 -0.493103 -0.343152 -0.134112 0.098022 0.313276 0.474587 0.554175 0.538338 0.429801 0.247256 0.0221333 -0.2068 -0.400123 -0.524548 -0.558648 -0.496551 -0.348952 -0.141265 0.090748 0.307134 0.470633 0.553092 0.540311 0.434491 0.253855 0.0295062 -0.199924 -0.394928 -0.521928 -0.559054 -0.499914 -0.354691 -0.148393 0.0834583 0.300938 0.466597 0.551912 0.54219 0.439105 0.26041 0.0368729 -0.193014 -0.389664 -0.519216 -0.559363 -0.503189 -0.360369 -0.155496 0.076153 0.294689 0.462482 0.550636 0.543975 0.443644 0.26692 0.044232 -0.186071 -0.384333 -0.516415 -0.559574 -0.506377 -0.365984 -0.162571 0.0688355 0.288389 
-0 -0.344197 -0.629124 -0.80572 -0.843575 -0.736171 -0.502002 -0.181391 0.170455 0.492949 0.73056 0.842373 0.809133 0.636565 0.354384 0.0111797 -0.33395 -0.621575 -0.802168 -0.844632 -0.741654 -0.510969 -0.192296 0.159489 0.48381 0.724822 0.841023 0.812405 0.643895 0.364509 0.0223575 -0.323645 -0.613917 -0.798476 -0.845541 -0.747009 -0.519846 -0.203168 0.148495 0.474587 0.718958 0.839528 0.815536 0.651112 0.374572 0.0335301 -0.313284 -0.606152 -0.794645 -0.846303 -0.752233 -0.528632 -0.214004 0.137476 0.465281 0.712968 0.837887 0.818525 0.658217 0.384568 0.0446994 -0.302868 -0.598282 -0.790676 -0.846918 -0.757327 -0.537327 -0.224803 0.126432 0.455895 0.706855 0.8361 0.821371 0.665207 0.394498 0.0558592 -0.2924 -0.590308 -0.786569 -0.847386 -0.762288 -0.545928 -0.235563 0.115365 0.446428 0.70062 0.834167 0.824075 0.672083 0.404361 0.0670078 -0.281881 -0.582232 -0.782325 -0.847707 -0.767117 -0.554435 -0.246281 0.10428 0.436885 
-0 -0.401919 -0.734629 -0.94084 -0.985044 -0.859628 -0.586188 -0.211811 0.19904 0.575617 0.853076 0.983639 0.944825 0.743317 0.413814 0.0130545 -0.389953 -0.725813 -0.936692 -0.986277 -0.86603 -0.596658 -0.224544 0.186235 0.564946 0.846375 0.982064 0.948646 0.751876 0.425637 0.0261068 -0.37792 -0.716871 -0.93238 -0.987339 -0.872283 -0.607024 -0.237239 0.173398 0.554175 0.839528 0.980317 0.952302 0.760304 0.437388 0.0391531 -0.365822 -0.707804 -0.927907 -0.988229 -0.878383 -0.617284 -0.249893 0.16053 0.543309 0.832534 0.978401 0.955792 0.7686 0.449061 0.0521955 -0.353659 -0.698614 -0.923272 -0.988947 -0.884331 -0.627437 -0.262503 0.147635 0.532349 0.825395 0.976314 0.959116 0.776763 0.460656 0.0652269 -0.341436 -0.689303 -0.918477 -0.989494 -0.890124 -0.637481 -0.275067 0.134712 0.521294 0.818115 0.974058 0.962273 0.784791 0.472173 0.078245 -0.329153 -0.679872 -0.913522 -0.989868 -0.895764 -0.647414 -0.287583 0.121768 0.510151 
