0 0 0 0 0 0 0 0 0 0 0 0 0 0 0 0 0 0 0 0 0 0 0 0 0 0 0 0 0 0 0 0 0 0 0 0 0 0 0 0 0 0 0 0 0 -0 -0 -0 -0 -0 -0 -0 -0 -0 -0 -0 -0 -0 -0 -0 -0 -0 -0 -0 -0 -0 -0 -0 -0 -0 -0 -0 -0 -0 -0 -0 -0 -0 -0 -0 -0 -0 -0 -0 -0 -0 -0 -0 -0 -0 0 0 0 0 0 0 0 0 0 0 
0 0.004892 0.00976004 0.0145803 0.0193291 0.0239832 0.0285199 0.0329169 0.0371527 0.0412065 0.0450584 0.0486897 0.0520825 0.0552201 0.0580874 0.06067 0.0629556 0.0649328 0.0665919 0.0679249 0.0689252 0.0695878 0.0699097 0.0698891 0.0695262 0.0688228 0.0677823 0.0664097 0.0647119 0.0626972 0.0603753 0.0577578 0.0548573 0.0516881 0.0482658 0.0446071 0.0407299 0.0366532 0.0323969 0.027982 0.02343 0.0187633 0.0140047 0.00917742 0.00430525 -0.000588034 -0.00547842 -0.010342 -0.0151549 -0.0198935 -0.0245348 -0.0290558 -0.0334346 -0.0376496 -0.0416801 -0.0455066 -0.0491101 -0.0524731 -0.0555791 -0.0584128 -0.0609605 -0.0632096 -0.065149 -0.0667694 -0.0680627 -0.0690227 -0.0696446 -0.0699253 -0.0698636 -0.0694597 -0.0687155 -0.0676348 -0.0662228 -0.0644865 -0.0624343 -0.0600763 -0.0574241 -0.0544906 -0.0512902 -0.0478385 -0.0441526 -0.0402504 -0.036151 -0.0318746 -0.0274421 -0.0228752 -0.0181962 -0.013428 -0.00859417 -0.00371818 0.00117603 0.00606443 0.0109232 0.0157284 0.0204566 0.0250846 0.0295897 0.0339499 0.0381438 0.0421509 
0 0.00976004 0.0194723 0.0290891 0.0385635 0.047849 0.0569002 0.0656726 0.0741234 0.0822111 0.0898961 0.0971409 0.10391 0.11017 0.11589 0.121043 0.125603 0.129548 0.132858 0.135517 0.137513 0.138835 0.139477 0.139436 0.138712 0.137308 0.135233 0.132494 0.129107 0.125087 0.120455 0.115233 0.109446 0.103123 0.0962952 0.0889957 0.0812602 0.0731268 0.0646351 0.0558269 0.0467453 0.0374347 0.0279407 0.0183099 0.00858941 -0.00117319 -0.01093 -0.0206333 -0.0302355 -0.0396897 -0.0489494 -0.0579694 -0.0667054 -0.0751147 -0.0831561 -0.0907902 -0.0979797 -0.104689 -0.110886 -0.11654 -0.121622 -0.12611 -0.129979 -0.133212 -0.135792 -0.137707 -0.138948 -0.139508 -0.139385 -0.138579 -0.137094 -0.134938 -0.132121 -0.128657 -0.124563 -0.119858 -0.114567 -0.108714 -0.102329 -0.0954427 -0.0880889 -0.0803036 -0.072125 -0.0635931 -0.0547498 -0.0456383 -0.0363032 -0.0267903 -0.0171462 -0.00741814 0.00234629 0.0120992 0.0217928 0.0313798 0.040813 0.0500463 0.0590345 0.0677335 0.0761008 0.0840953 
0 0.0145803 0.0290891 0.0434555 0.0576091 0.0714804 0.0850017 0.0981066 0.110731 0.122813 0.134294 0.145116 0.155228 0.16458 0.173125 0.180823 0.187635 0.193528 0.198473 0.202446 0.205427 0.207402 0.208361 0.2083 0.207218 0.205122 0.20202 0.19793 0.19287 0.186865 0.179945 0.172143 0.163498 0.154053 0.143853 0.132948 0.121393 0.109242 0.0965568 0.0833984 0.0698316 0.0559227 0.0417399 0.0273527 0.0128315 -0.00175259 -0.0163281 -0.0308235 -0.0451681 -0.0592914 -0.0731242 -0.0865989 -0.0996495 -0.112212 -0.124225 -0.135629 -0.146369 -0.156393 -0.16565 -0.174096 -0.181689 -0.188392 -0.194172 -0.199002 -0.202856 -0.205717 -0.207571 -0.208408 -0.208224 -0.20702 -0.204802 -0.201581 -0.197373 -0.192198 -0.186081 -0.179053 -0.171149 -0.162405 -0.152867 -0.142579 -0.131594 -0.119964 -0.107746 -0.0950002 -0.0817893 -0.0681779 -0.0542324 -0.0400213 -0.0256143 -0.0110818 0.00350506 0.0180746 0.0325558 0.0468775 0.0609694 0.0747629 0.0881901 0.101185 0.113685 0.125628 
0 0.0193291 0.0385635 0.0576091 0.0763724 0.0947617 0.112687 0.13006 0.146796 0.162813 0.178033 0.192381 0.205786 0.218184 0.229513 0.239717 0.248748 0.25656 0.263116 0.268382 0.272335 0.274953 0.276225 0.276143 0.274709 0.27193 0.267819 0.262396 0.255687 0.247727 0.238553 0.22821 0.21675 0.204228 0.190706 0.17625 0.16093 0.144823 0.128006 0.110561 0.0925759 0.0741368 0.0553347 0.0362615 0.0170107 -0.00232342 -0.0216461 -0.0408628 -0.0598794 -0.0786027 -0.0969409 -0.114804 -0.132106 -0.14876 -0.164685 -0.179804 -0.194042 -0.20733 -0.219602 -0.230799 -0.240865 -0.249751 -0.257414 -0.263817 -0.268927 -0.27272 -0.275177 -0.276286 -0.276042 -0.274447 -0.271506 -0.267236 -0.261657 -0.254797 -0.246688 -0.237371 -0.226892 -0.215301 -0.202656 -0.189018 -0.174454 -0.159036 -0.142839 -0.125942 -0.108428 -0.0903835 -0.071896 -0.0530564 -0.033957 -0.0146911 0.00464667 0.0239616 0.0431592 0.0621455 0.0808273 0.0991133 0.116914 0.134142 0.150712 0.166545 
0 0.0239832 0.047849 0.0714804 0.0947617 0.117579 0.13982 0.161377 0.182143 0.202016 0.220901 0.238703 0.255336 0.270719 0.284776 0.297437 0.308642 0.318336 0.32647 0.333005 0.337909 0.341157 0.342735 0.342634 0.340855 0.337407 0.332305 0.325577 0.317253 0.307376 0.295993 0.28316 0.26894 0.253403 0.236625 0.218688 0.19968 0.179694 0.158827 0.137183 0.114867 0.0919878 0.0686584 0.0449927 0.0211067 -0.00288286 -0.0268582 -0.0507019 -0.0742975 -0.097529 -0.120283 -0.142447 -0.163915 -0.184579 -0.204339 -0.223098 -0.240764 -0.257252 -0.272479 -0.286371 -0.298861 -0.309888 -0.319396 -0.32734 -0.33368 -0.338387 -0.341435 -0.342812 -0.342509 -0.340529 -0.336881 -0.331583 -0.32466 -0.316148 -0.306087 -0.294527 -0.281524 -0.267142 -0.251452 -0.23453 -0.21646 -0.197329 -0.177232 -0.156267 -0.134536 -0.112146 -0.0892074 -0.0658315 -0.0421333 -0.0182285 0.00576551 0.0297312 0.0535513 0.0771092 0.100289 0.122978 0.145065 0.166441 0.187002 0.206646 
0 0.0285199 0.0569002 0.0850017 0.112687 0.13982 0.166269 0.191903 0.216597 0.24023 0.262686 0.283856 0.303636 0.321928 0.338644 0.353701 0.367025 0.378552 0.388225 0.395996 0.401827 0.405691 0.407567 0.407447 0.405332 0.401231 0.395164 0.387163 0.377265 0.365519 0.351983 0.336722 0.319813 0.301337 0.281385 0.260055 0.237451 0.213685 0.188871 0.163133 0.136595 0.109388 0.0816458 0.0535036 0.0250992 -0.00342818 -0.0319387 -0.0602927 -0.0883516 -0.115978 -0.143036 -0.169393 -0.194921 -0.219494 -0.242991 -0.265299 -0.286308 -0.305913 -0.324021 -0.340542 -0.355394 -0.368506 -0.379813 -0.389259 -0.396799 -0.402396 -0.406021 -0.407658 -0.407298 -0.404944 -0.400605 -0.394305 -0.386073 -0.375951 -0.363986 -0.35024 -0.334777 -0.317675 -0.299017 -0.278894 -0.257406 -0.234656 -0.210757 -0.185826 -0.159985 -0.13336 -0.106082 -0.0782842 -0.0501032 -0.0216766 0.00685612 0.0353551 0.0636811 0.0916952 0.11926 0.146241 0.172505 0.197925 0.222375 0.245736 
0 0.0329169 0.0656726 0.0981066 0.13006 0.161377 0.191903 0.221489 0.24999 0.277267 0.303186 0.327619 0.350448 0.371561 0.390854 0.408232 0.423611 0.436915 0.448078 0.457048 0.463778 0.468237 0.470403 0.470264 0.467822 0.463089 0.456088 0.446853 0.435429 0.421872 0.406249 0.388636 0.369119 0.347795 0.324767 0.300149 0.27406 0.246629 0.21799 0.188283 0.157654 0.126253 0.0942334 0.0617523 0.0289688 -0.00395671 -0.0368627 -0.0695882 -0.101973 -0.133858 -0.165088 -0.195509 -0.224972 -0.253333 -0.280454 -0.306201 -0.330448 -0.353077 -0.373976 -0.393044 -0.410186 -0.425319 -0.43837 -0.449273 -0.457975 -0.464434 -0.468619 -0.470508 -0.470093 -0.467375 -0.462368 -0.455096 -0.445595 -0.433912 -0.420103 -0.404237 -0.386391 -0.366652 -0.345117 -0.321892 -0.29709 -0.270834 -0.24325 -0.214475 -0.18465 -0.153921 -0.122437 -0.0903535 -0.0578278 -0.0250186 0.00791315 0.0408059 0.073499 0.105832 0.137647 0.168787 0.199101 0.228439 0.256659 0.283621 
0 0.0371527 0.0741234 0.110731 0.146796 0.182143 0.216597 0.24999 0.282159 0.312946 0.3422 0.369777 0.395544 0.419374 0.441149 0.460763 0.478121 0.493137 0.505737 0.515861 0.523457 0.52849 0.530934 0.530778 0.528022 0.52268 0.514777 0.504354 0.49146 0.476158 0.458525 0.438646 0.416618 0.392549 0.366558 0.338772 0.309326 0.278365 0.246041 0.212511 0.177941 0.142499 0.106359 0.0696986 0.0326965 -0.00446586 -0.0416063 -0.0785429 -0.115095 -0.151083 -0.186331 -0.220667 -0.253922 -0.285933 -0.316543 -0.345603 -0.37297 -0.398511 -0.4221 -0.443621 -0.462969 -0.48005 -0.494779 -0.507085 -0.516907 -0.524198 -0.528921 -0.531053 -0.530584 -0.527517 -0.521865 -0.513658 -0.502934 -0.489748 -0.474162 -0.456254 -0.436111 -0.413833 -0.389527 -0.363313 -0.33532 -0.305685 -0.274552 -0.242074 -0.208411 -0.173727 -0.138192 -0.10198 -0.0652691 -0.028238 0.00893141 0.0460568 0.0829569 0.119451 0.155359 0.190507 0.224721 0.257835 0.289686 0.320118 
0 0.0412065 0.0822111 0.122813 0.162813 0.202016 0.24023 0.277267 0.312946 0.347092 0.379537 0.410124 0.438703 0.465132 0.489283 0.511038 0.530289 0.546944 0.560919 0.572147 0.580573 0.586154 0.588865 0.588692 0.585635 0.57971 0.570946 0.559384 0.545084 0.528113 0.508555 0.486507 0.462076 0.435381 0.406554 0.375736 0.343077 0.308738 0.272887 0.235699 0.197357 0.158047 0.117964 0.0773036 0.0362641 -0.00495314 -0.046146 -0.0871128 -0.127653 -0.167568 -0.206662 -0.244744 -0.281627 -0.317131 -0.351082 -0.383312 -0.413666 -0.441993 -0.468155 -0.492025 -0.513484 -0.532429 -0.548765 -0.562414 -0.573308 -0.581394 -0.586632 -0.588997 -0.588477 -0.585075 -0.578807 -0.569704 -0.55781 -0.543185 -0.525899 -0.506037 -0.483696 -0.458987 -0.432029 -0.402955 -0.371907 -0.339038 -0.304508 -0.268487 -0.231151 -0.192683 -0.15327 -0.113107 -0.0723907 -0.0313191 0.00990593 0.0510821 0.0920084 0.132484 0.17231 0.211293 0.249241 0.285968 0.321294 0.355047 
0 0.0450584 0.0898961 0.134294 0.178033 0.220901 0.262686 0.303186 0.3422 0.379537 0.415016 0.448463 0.479712 0.508612 0.535021 0.558809 0.579861 0.598072 0.613353 0.625631 0.634844 0.640948 0.643912 0.643723 0.64038 0.633901 0.624317 0.611675 0.596038 0.57748 0.556095 0.531985 0.50527 0.47608 0.444558 0.410859 0.375148 0.337599 0.298396 0.257732 0.215805 0.172822 0.128992 0.0845299 0.039654 -0.00541616 -0.0504597 -0.095256 -0.139586 -0.183232 -0.225981 -0.267623 -0.307954 -0.346776 -0.3839 -0.419144 -0.452335 -0.48331 -0.511918 -0.538019 -0.561484 -0.5822 -0.600064 -0.614988 -0.6269 -0.635742 -0.64147 -0.644056 -0.643488 -0.639767 -0.632913 -0.622959 -0.609954 -0.593961 -0.575059 -0.553341 -0.528912 -0.501892 -0.472415 -0.440623 -0.406673 -0.370731 -0.332974 -0.293585 -0.252759 -0.210695 -0.167598 -0.123681 -0.0791577 -0.0342468 0.0108319 0.0558573 0.100609 0.144869 0.188418 0.231045 0.27254 0.3127 0.351329 0.388236 
0 0.0486897 0.0971409 0.145116 0.192381 0.238703 0.283856 0.327619 0.369777 0.410124 0.448463 0.484604 0.518372 0.549601 0.578138 0.603844 0.626592 0.64627 0.662784 0.676051 0.686006 0.692602 0.695805 0.6956 0.691988 0.684987 0.674631 0.66097 0.644072 0.62402 0.60091 0.574858 0.54599 0.514448 0.480385 0.44397 0.405381 0.364806 0.322444 0.278502 0.233197 0.186749 0.139387 0.0913421 0.0428498 -0.00585265 -0.0545262 -0.102933 -0.150835 -0.197999 -0.244193 -0.28919 -0.332772 -0.374723 -0.414839 -0.452923 -0.488789 -0.52226 -0.553174 -0.581378 -0.606735 -0.629119 -0.648423 -0.66455 -0.677422 -0.686977 -0.693166 -0.695961 -0.695346 -0.691326 -0.68392 -0.673164 -0.65911 -0.641829 -0.621404 -0.597935 -0.571537 -0.54234 -0.510487 -0.476133 -0.439447 -0.400609 -0.359808 -0.317245 -0.273129 -0.227675 -0.181105 -0.133648 -0.085537 -0.0370067 0.0117049 0.0603588 0.108717 0.156544 0.203603 0.249665 0.294504 0.3379 0.379642 0.419524 
0 0.0520825 0.10391 0.155228 0.205786 0.255336 0.303636 0.350448 0.395544 0.438703 0.479712 0.518372 0.554493 0.587899 0.618424 0.645921 0.670254 0.691304 0.708968 0.723159 0.733808 0.740864 0.74429 0.744071 0.740207 0.732718 0.72164 0.707028 0.688952 0.667502 0.642783 0.614915 0.584036 0.550295 0.51386 0.474907 0.433629 0.390226 0.344912 0.297909 0.249447 0.199762 0.1491 0.097707 0.0458356 -0.00626047 -0.0583257 -0.110105 -0.161346 -0.211796 -0.261208 -0.309342 -0.35596 -0.400834 -0.443746 -0.484483 -0.522848 -0.558652 -0.59172 -0.62189 -0.649013 -0.672957 -0.693606 -0.710857 -0.724626 -0.734847 -0.741467 -0.744457 -0.743799 -0.739499 -0.731577 -0.720071 -0.705038 -0.686553 -0.664704 -0.6396 -0.611363 -0.580131 -0.546058 -0.50931 -0.470068 -0.428524 -0.38488 -0.339352 -0.292161 -0.243539 -0.193724 -0.142961 -0.0914974 -0.0395854 0.0125205 0.0645647 0.116293 0.167452 0.21779 0.267062 0.315025 0.361446 0.406096 0.448757 
0 0.0552201 0.11017 0.16458 0.218184 0.270719 0.321928 0.371561 0.419374 0.465132 0.508612 0.549601 0.587899 0.623316 0.655681 0.684834 0.710633 0.732951 0.751679 0.766725 0.778016 0.785497 0.789129 0.788897 0.784801 0.776861 0.765115 0.749622 0.730458 0.707716 0.681507 0.65196 0.61922 0.583447 0.544817 0.503518 0.459752 0.413735 0.365691 0.315856 0.264474 0.211797 0.158082 0.103593 0.048597 -0.00663763 -0.0618395 -0.116738 -0.171066 -0.224555 -0.276945 -0.327978 -0.377404 -0.424982 -0.470479 -0.513671 -0.554347 -0.592308 -0.627368 -0.659355 -0.688112 -0.713499 -0.735392 -0.753682 -0.768281 -0.779117 -0.786137 -0.789306 -0.788609 -0.78405 -0.77565 -0.763451 -0.747513 -0.727913 -0.704749 -0.678132 -0.648194 -0.615081 -0.578955 -0.539994 -0.498387 -0.45434 -0.408067 -0.359796 -0.309762 -0.258211 -0.205395 -0.151573 -0.0970096 -0.0419702 0.0132748 0.0684544 0.123299 0.17754 0.230911 0.283151 0.334004 0.383221 0.430561 0.475792 
0 0.0580874 0.11589 0.173125 0.229513 0.284776 0.338644 0.390854 0.441149 0.489283 0.535021 0.578138 0.618424 0.655681 0.689726 0.720393 0.747531 0.771008 0.790709 0.806536 0.818413 0.826282 0.830104 0.829859 0.82555 0.817198 0.804843 0.788545 0.768386 0.744463 0.716893 0.685812 0.651372 0.613742 0.573105 0.529662 0.483624 0.435217 0.384679 0.332257 0.278207 0.222794 0.16629 0.108972 0.0511203 -0.00698228 -0.0650504 -0.1228 -0.179948 -0.236215 -0.291325 -0.345007 -0.397 -0.447049 -0.494908 -0.540342 -0.583131 -0.623063 -0.659943 -0.693591 -0.723841 -0.750547 -0.773576 -0.792816 -0.808173 -0.819571 -0.826955 -0.830289 -0.829556 -0.82476 -0.815924 -0.803092 -0.786326 -0.765709 -0.741342 -0.713343 -0.68185 -0.647018 -0.609016 -0.568032 -0.524265 -0.477931 -0.429255 -0.378478 -0.325846 -0.271618 -0.21606 -0.159444 -0.102047 -0.0441494 0.0139641 0.0720088 0.129701 0.186758 0.2429 0.297853 0.351347 0.403119 0.452917 0.500497 
0 0.06067 0.121043 0.180823 0.239717 0.297437 0.353701 0.408232 0.460763 0.511038 0.558809 0.603844 0.645921 0.684834 0.720393 0.752423 0.780768 0.805289 0.825865 0.842397 0.854802 0.86302 0.867012 0.866757 0.862256 0.853532 0.840628 0.823606 0.80255 0.777563 0.748768 0.716305 0.680334 0.64103 0.598587 0.553212 0.505127 0.454568 0.401783 0.34703 0.290577 0.2327 0.173684 0.113817 0.0533932 -0.00729272 -0.0679427 -0.12826 -0.187949 -0.246717 -0.304278 -0.360347 -0.414652 -0.466926 -0.516912 -0.564367 -0.609058 -0.650765 -0.689285 -0.724429 -0.756025 -0.783918 -0.807971 -0.828066 -0.844106 -0.856011 -0.863724 -0.867206 -0.86644 -0.861431 -0.852202 -0.838799 -0.821288 -0.799754 -0.774303 -0.74506 -0.712167 -0.675786 -0.636095 -0.593288 -0.547575 -0.499181 -0.448341 -0.395306 -0.340334 -0.283695 -0.225667 -0.166533 -0.106584 -0.0461124 0.0145849 0.0752104 0.135468 0.195062 0.2537 0.311096 0.366968 0.421043 0.473055 0.52275 
0 0.0629556 0.125603 0.187635 0.248748 0.308642 0.367025 0.423611 0.478121 0.530289 0.579861 0.626592 0.670254 0.710633 0.747531 0.780768 0.810181 0.835625 0.856977 0.874131 0.887004 0.895532 0.899674 0.899409 0.894739 0.885686 0.872296 0.854632 0.832783 0.806855 0.776975 0.743289 0.705963 0.665179 0.621137 0.574052 0.524156 0.471693 0.416919 0.360103 0.301523 0.241466 0.180227 0.118105 0.0554046 -0.00756745 -0.0705022 -0.133092 -0.195029 -0.256012 -0.31574 -0.373922 -0.430273 -0.484516 -0.536385 -0.585628 -0.632002 -0.675281 -0.715252 -0.75172 -0.784506 -0.813449 -0.838408 -0.859261 -0.875905 -0.888259 -0.896262 -0.899875 -0.89908 -0.893882 -0.884306 -0.870398 -0.852228 -0.829882 -0.803473 -0.773127 -0.738995 -0.701244 -0.660057 -0.615638 -0.568203 -0.517986 -0.465231 -0.410197 -0.353155 -0.294382 -0.234168 -0.172806 -0.110599 -0.0478495 0.0151344 0.0780437 0.140571 0.20241 0.263257 0.322816 0.380793 0.436904 0.490876 0.542443 
0 0.0649328 0.129548 0.193528 0.25656 0.318336 0.378552 0.436915 0.493137 0.546944 0.598072 0.64627 0.691304 0.732951 0.771008 0.805289 0.835625 0.861869 0.883891 0.901584 0.914861 0.923657 0.927929 0.927656 0.922839 0.913502 0.899691 0.881473 0.858938 0.832195 0.801377 0.766633 0.728135 0.68607 0.640644 0.592081 0.540618 0.486507 0.430012 0.371412 0.310993 0.24905 0.185887 0.121814 0.0571446 -0.00780512 -0.0727164 -0.137272 -0.201155 -0.264052 -0.325656 -0.385665 -0.443786 -0.499732 -0.553231 -0.60402 -0.651851 -0.696489 -0.737715 -0.775328 -0.809144 -0.838996 -0.864739 -0.886247 -0.903413 -0.916155 -0.92441 -0.928136 -0.927317 -0.921956 -0.912078 -0.897734 -0.878993 -0.855946 -0.828707 -0.797408 -0.762204 -0.723267 -0.680787 -0.634973 -0.586048 -0.534253 -0.479842 -0.42308 -0.364246 -0.303628 -0.241522 -0.178234 -0.114073 -0.0493523 0.0156097 0.0804948 0.144986 0.208767 0.271525 0.332954 0.392752 0.450625 0.506292 0.559479 
0 0.0665919 0.132858 0.198473 0.263116 0.32647 0.388225 0.448078 0.505737 0.560919 0.613353 0.662784 0.708968 0.751679 0.790709 0.825865 0.856977 0.883891 0.906476 0.924621 0.938237 0.947258 0.951639 0.951359 0.946419 0.936844 0.922679 0.903996 0.880885 0.853459 0.821853 0.786222 0.74674 0.7036 0.657014 0.60721 0.554431 0.498938 0.441 0.380902 0.318939 0.255413 0.190637 0.124927 0.0586048 -0.00800455 -0.0745744 -0.140779 -0.206294 -0.270799 -0.333977 -0.39552 -0.455125 -0.512501 -0.567367 -0.619454 -0.668507 -0.714285 -0.756565 -0.795139 -0.829819 -0.860434 -0.886835 -0.908892 -0.926497 -0.939565 -0.94803 -0.951852 -0.951011 -0.945513 -0.935384 -0.920673 -0.901452 -0.877816 -0.849881 -0.817783 -0.78168 -0.741748 -0.698182 -0.651197 -0.601023 -0.547904 -0.492102 -0.43389 -0.373553 -0.311386 -0.247693 -0.182788 -0.116987 -0.0506133 0.0160085 0.0825515 0.148691 0.214101 0.278463 0.341461 0.402787 0.46214 0.519229 0.573775 
0 0.0679249 0.135517 0.202446 0.268382 0.333005 0.395996 0.457048 0.515861 0.572147 0.625631 0.676051 0.723159 0.766725 0.806536 0.842397 0.874131 0.901584 0.924621 0.943129 0.957018 0.966219 0.970688 0.970402 0.965363 0.955596 0.941149 0.922091 0.898518 0.870543 0.838304 0.80196 0.761687 0.717684 0.670165 0.619364 0.565529 0.508925 0.449827 0.388527 0.325323 0.260526 0.194453 0.127427 0.0597779 -0.00816478 -0.0760672 -0.143597 -0.210424 -0.27622 -0.340663 -0.403437 -0.464235 -0.52276 -0.578724 -0.631853 -0.681888 -0.728583 -0.771709 -0.811056 -0.846429 -0.877657 -0.904587 -0.927085 -0.945043 -0.958372 -0.967007 -0.970905 -0.970048 -0.96444 -0.954107 -0.939102 -0.919497 -0.895388 -0.866893 -0.834153 -0.797327 -0.756595 -0.712158 -0.664232 -0.613054 -0.558872 -0.501953 -0.442576 -0.38103 -0.317619 -0.252652 -0.186447 -0.119329 -0.0516265 0.016329 0.084204 0.151667 0.218387 0.284037 0.348296 0.41085 0.47139 0.529622 0.58526 
0 0.0689252 0.137513 0.205427 0.272335 0.337909 0.401827 0.463778 0.523457 0.580573 0.634844 0.686006 0.733808 0.778016 0.818413 0.854802 0.887004 0.914861 0.938237 0.957018 0.971111 0.980448 0.984982 0.984693 0.97958 0.969669 0.955008 0.93567 0.911749 0.883363 0.850649 0.81377 0.772904 0.728253 0.680034 0.628485 0.573858 0.516419 0.456452 0.394248 0.330114 0.264363 0.197317 0.129304 0.0606582 -0.00828501 -0.0771874 -0.145712 -0.213523 -0.280287 -0.345679 -0.409378 -0.471072 -0.530458 -0.587246 -0.641158 -0.69193 -0.739312 -0.783074 -0.822999 -0.858894 -0.890582 -0.917908 -0.940738 -0.95896 -0.972485 -0.981247 -0.985203 -0.984333 -0.978642 -0.968158 -0.952931 -0.933037 -0.908573 -0.879659 -0.846437 -0.809068 -0.767737 -0.722645 -0.674014 -0.622082 -0.567102 -0.509345 -0.449093 -0.386641 -0.322296 -0.256372 -0.189192 -0.121086 -0.0523867 0.0165694 0.085444 0.1539 0.221603 0.28822 0.353426 0.4169 0.478332 0.537422 0.593879 
0 0.0695878 0.138835 0.207402 0.274953 0.341157 0.405691 0.468237 0.52849 0.586154 0.640948 0.692602 0.740864 0.785497 0.826282 0.86302 0.895532 0.923657 0.947258 0.966219 0.980448 0.989874 0.994453 0.99416 0.988998 0.978992 0.96419 0.944666 0.920515 0.891856 0.858828 0.821594 0.780335 0.735254 0.686572 0.634528 0.579375 0.521385 0.46084 0.398039 0.333288 0.266904 0.199214 0.130547 0.0612414 -0.00836467 -0.0779295 -0.147113 -0.215575 -0.282982 -0.349003 -0.413314 -0.475601 -0.535558 -0.592893 -0.647323 -0.698583 -0.74642 -0.790602 -0.830912 -0.867152 -0.899145 -0.926733 -0.949782 -0.96818 -0.981835 -0.990681 -0.994675 -0.993797 -0.988051 -0.977466 -0.962093 -0.942008 -0.917309 -0.888117 -0.854575 -0.816847 -0.775118 -0.729593 -0.680494 -0.628063 -0.572554 -0.514242 -0.453411 -0.390359 -0.325395 -0.258837 -0.191011 -0.12225 -0.0528904 0.0167287 0.0862655 0.15538 0.223734 0.290991 0.356824 0.420908 0.482931 0.542589 0.599589 
0 0.0699097 0.139477 0.208361 0.276225 0.342735 0.407567 0.470403 0.530934 0.588865 0.643912 0.695805 0.74429 0.789129 0.830104 0.867012 0.899674 0.927929 0.951639 0.970688 0.984982 0.994453 0.999052 0.998758 0.993572 0.983519 0.96865 0.949035 0.924773 0.895981 0.8628 0.825393 0.783944 0.738655 0.689748 0.637462 0.582055 0.523796 0.462972 0.39988 0.334829 0.268139 0.200135 0.131151 0.0615246 -0.00840336 -0.0782899 -0.147793 -0.216572 -0.284291 -0.350617 -0.415226 -0.477801 -0.538035 -0.595635 -0.650317 -0.701813 -0.749873 -0.794259 -0.834755 -0.871162 -0.903303 -0.931019 -0.954175 -0.972658 -0.986376 -0.995263 -0.999275 -0.998393 -0.992621 -0.981987 -0.966543 -0.946365 -0.921551 -0.892224 -0.858527 -0.820625 -0.778703 -0.732967 -0.683641 -0.630967 -0.575202 -0.51662 -0.455508 -0.392164 -0.3269 -0.260034 -0.191895 -0.122816 -0.053135 0.0168061 0.0866645 0.156099 0.224769 0.292337 0.358474 0.422855 0.485165 0.545098 0.602362 
0 0.0698891 0.139436 0.2083 0.276143 0.342634 0.407447 0.470264 0.530778 0.588692 0.643723 0.6956 0.744071 0.788897 0.829859 0.866757 0.899409 0.927656 0.951359 0.970402 0.984693 0.99416 0.998758 0.998464 0.993279 0.98323 0.968364 0.948756 0.924501 0.895717 0.862546 0.82515 0.783713 0.738437 0.689545 0.637275 0.581883 0.523642 0.462835 0.399762 0.334731 0.26806 0.200076 0.131112 0.0615065 -0.00840088 -0.0782669 -0.14775 -0.216509 -0.284207 -0.350514 -0.415103 -0.47766 -0.537877 -0.595459 -0.650125 -0.701607 -0.749652 -0.794025 -0.834509 -0.870906 -0.903037 -0.930745 -0.953894 -0.972371 -0.986086 -0.99497 -0.998981 -0.998099 -0.992329 -0.981698 -0.966258 -0.946086 -0.92128 -0.891962 -0.858275 -0.820383 -0.778474 -0.732752 -0.68344 -0.630782 -0.575033 -0.516468 -0.455374 -0.392049 -0.326804 -0.259958 -0.191838 -0.12278 -0.0531194 0.0168012 0.0866389 0.156053 0.224702 0.292251 0.358368 0.422731 0.485022 0.544938 0.602184 
0 0.0695262 0.138712 0.207218 0.274709 0.340855 0.405332 0.467822 0.528022 0.585635 0.64038 0.691988 0.740207 0.784801 0.82555 0.862256 0.894739 0.922839 0.946419 0.965363 0.97958 0.988998 0.993572 0.993279 0.988122 0.978124 0.963336 0.94383 0.9197 0.891066 0.858067 0.820866 0.779644 0.734603 0.685964 0.633966 0.578862 0.520923 0.460432 0.397686 0.332993 0.266668 0.199037 0.130432 0.0611871 -0.00835726 -0.0778605 -0.146982 -0.215385 -0.282732 -0.348694 -0.412948 -0.47518 -0.535084 -0.592367 -0.646749 -0.697964 -0.745759 -0.789902 -0.830176 -0.866384 -0.898348 -0.925912 -0.948941 -0.967322 -0.980965 -0.989804 -0.993794 -0.992917 -0.987176 -0.9766 -0.961241 -0.941174 -0.916496 -0.88733 -0.853818 -0.816124 -0.774432 -0.728947 -0.679892 -0.627506 -0.572047 -0.513786 -0.453009 -0.390013 -0.325107 -0.258608 -0.190842 -0.122142 -0.0528436 0.0167139 0.0861891 0.155243 0.223536 0.290733 0.356508 0.420536 0.482503 0.542108 0.599058 
0 0.0688228 0.137308 0.205122 0.27193 0.337407 0.401231 0.463089 0.52268 0.57971 0.633901 0.684987 0.732718 0.776861 0.817198 0.853532 0.885686 0.913502 0.936844 0.955596 0.969669 0.978992 0.983519 0.98323 0.978124 0.968228 0.95359 0.934281 0.910395 0.882051 0.849386 0.812561 0.771756 0.727171 0.679024 0.627551 0.573005 0.515652 0.455774 0.393663 0.329624 0.26397 0.197023 0.129112 0.0605681 -0.00827271 -0.0770727 -0.145495 -0.213205 -0.279871 -0.345166 -0.40877 -0.470372 -0.52967 -0.586374 -0.640206 -0.690902 -0.738214 -0.78191 -0.821777 -0.857618 -0.889259 -0.916544 -0.93934 -0.957535 -0.971041 -0.979789 -0.983739 -0.982871 -0.977188 -0.96672 -0.951516 -0.931651 -0.907224 -0.878353 -0.845179 -0.807866 -0.766597 -0.721572 -0.673013 -0.621158 -0.56626 -0.508588 -0.448426 -0.386067 -0.321818 -0.255991 -0.188911 -0.120906 -0.0523089 0.0165448 0.0853171 0.153672 0.221274 0.287792 0.352901 0.416281 0.477622 0.536623 0.592997 
0 0.0677823 0.135233 0.20202 0.267819 0.332305 0.395164 0.456088 0.514777 0.570946 0.624317 0.674631 0.72164 0.765115 0.804843 0.840628 0.872296 0.899691 0.922679 0.941149 0.955008 0.96419 0.96865 0.968364 0.963336 0.95359 0.939173 0.920155 0.896631 0.868715 0.836544 0.800276 0.760088 0.716177 0.668758 0.618064 0.564342 0.507856 0.448883 0.387711 0.32464 0.259979 0.194045 0.12716 0.0596523 -0.00814763 -0.0759075 -0.143296 -0.209982 -0.27564 -0.339947 -0.40259 -0.463261 -0.521662 -0.577509 -0.630527 -0.680456 -0.727053 -0.770089 -0.809353 -0.844652 -0.875814 -0.902687 -0.925138 -0.943058 -0.956359 -0.964976 -0.968866 -0.968011 -0.962414 -0.952104 -0.93713 -0.917566 -0.893508 -0.865073 -0.832401 -0.795652 -0.755006 -0.710662 -0.662838 -0.611766 -0.557698 -0.500899 -0.441646 -0.38023 -0.316952 -0.252121 -0.186055 -0.119078 -0.051518 0.0162947 0.0840272 0.151349 0.217929 0.283441 0.347565 0.409987 0.470401 0.52851 0.584031 
0 0.0664097 0.132494 0.19793 0.262396 0.325577 0.387163 0.446853 0.504354 0.559384 0.611675 0.66097 0.707028 0.749622 0.788545 0.823606 0.854632 0.881473 0.903996 0.922091 0.93567 0.944666 0.949035 0.948756 0.94383 0.934281 0.920155 0.901523 0.878475 0.851124 0.819605 0.784071 0.744697 0.701675 0.655216 0.605548 0.552915 0.497573 0.439793 0.37986 0.318066 0.254715 0.190115 0.124585 0.0584444 -0.00798265 -0.0743704 -0.140394 -0.20573 -0.270058 -0.333064 -0.394438 -0.45388 -0.511099 -0.565815 -0.617759 -0.666678 -0.712331 -0.754495 -0.792964 -0.827549 -0.85808 -0.884409 -0.906405 -0.923962 -0.936994 -0.945436 -0.949248 -0.94841 -0.942926 -0.932825 -0.918154 -0.898986 -0.875415 -0.847556 -0.815546 -0.779541 -0.739718 -0.696272 -0.649416 -0.599379 -0.546406 -0.490756 -0.432703 -0.372531 -0.310534 -0.247016 -0.182288 -0.116667 -0.0504749 0.0159647 0.0823257 0.148284 0.213516 0.277701 0.340527 0.401685 0.460875 0.517808 0.572205 
0 0.0647119 0.129107 0.19287 0.255687 0.317253 0.377265 0.435429 0.49146 0.545084 0.596038 0.644072 0.688952 0.730458 0.768386 0.80255 0.832783 0.858938 0.880885 0.898518 0.911749 0.920515 0.924773 0.924501 0.9197 0.910395 0.896631 0.878475 0.856016 0.829365 0.798651 0.764026 0.725658 0.683736 0.638465 0.590067 0.538779 0.484852 0.42855 0.370149 0.309935 0.248203 0.185255 0.1214 0.0569503 -0.00777857 -0.0724691 -0.136805 -0.20047 -0.263154 -0.324549 -0.384354 -0.442276 -0.498033 -0.551349 -0.601966 -0.649634 -0.69412 -0.735206 -0.772691 -0.806392 -0.836143 -0.861798 -0.883233 -0.900341 -0.913039 -0.921266 -0.92498 -0.924163 -0.91882 -0.908976 -0.894681 -0.876003 -0.853034 -0.825888 -0.794696 -0.759612 -0.720807 -0.678472 -0.632813 -0.584055 -0.532436 -0.47821 -0.421641 -0.363007 -0.302595 -0.240701 -0.177627 -0.113685 -0.0491844 0.0155566 0.080221 0.144493 0.208057 0.270602 0.331822 0.391416 0.449093 0.50457 0.557576 
0 0.0626972 0.125087 0.186865 0.247727 0.307376 0.365519 0.421872 0.476158 0.528113 0.57748 0.62402 0.667502 0.707716 0.744463 0.777563 0.806855 0.832195 0.853459 0.870543 0.883363 0.891856 0.895981 0.895717 0.891066 0.882051 0.868715 0.851124 0.829365 0.803543 0.773786 0.740238 0.703065 0.662449 0.618587 0.571696 0.522005 0.469756 0.415207 0.358625 0.300285 0.240475 0.179487 0.11762 0.0551772 -0.00753639 -0.0702128 -0.132545 -0.194229 -0.254961 -0.314444 -0.372387 -0.428506 -0.482527 -0.534184 -0.583224 -0.629408 -0.672509 -0.712316 -0.748634 -0.781285 -0.81011 -0.834967 -0.855734 -0.872309 -0.884613 -0.892583 -0.896181 -0.89539 -0.890213 -0.880676 -0.866826 -0.848729 -0.826476 -0.800175 -0.769954 -0.735962 -0.698365 -0.657348 -0.613111 -0.565871 -0.515859 -0.463321 -0.408514 -0.351705 -0.293174 -0.233207 -0.172097 -0.110145 -0.0476531 0.0150722 0.0777234 0.139994 0.201579 0.262177 0.32149 0.37923 0.435111 0.488861 0.540217 
0 0.0603753 0.120455 0.179945 0.238553 0.295993 0.351983 0.406249 0.458525 0.508555 0.556095 0.60091 0.642783 0.681507 0.716893 0.748768 0.776975 0.801377 0.821853 0.838304 0.850649 0.858828 0.8628 0.862546 0.858067 0.849386 0.836544 0.819605 0.798651 0.773786 0.745131 0.712825 0.677029 0.637916 0.595679 0.550524 0.502673 0.45236 0.399831 0.345344 0.289165 0.23157 0.17284 0.113264 0.0531338 -0.0072573 -0.0676127 -0.127637 -0.187036 -0.245519 -0.302799 -0.358597 -0.412638 -0.464657 -0.514401 -0.561626 -0.606099 -0.647604 -0.685937 -0.72091 -0.752352 -0.78011 -0.804046 -0.824044 -0.840005 -0.851853 -0.859528 -0.862993 -0.862231 -0.857246 -0.848062 -0.834725 -0.817299 -0.795869 -0.770542 -0.74144 -0.708707 -0.672503 -0.633005 -0.590406 -0.544915 -0.496756 -0.446163 -0.393385 -0.33868 -0.282317 -0.22457 -0.165724 -0.106066 -0.0458884 0.0145141 0.0748451 0.13481 0.194114 0.252468 0.309585 0.365186 0.418997 0.470757 0.520211 
0 0.0577578 0.115233 0.172143 0.22821 0.28316 0.336722 0.388636 0.438646 0.486507 0.531985 0.574858 0.614915 0.65196 0.685812 0.716305 0.743289 0.766633 0.786222 0.80196 0.81377 0.821594 0.825393 0.82515 0.820866 0.812561 0.800276 0.784071 0.764026 0.740238 0.712825 0.681921 0.647676 0.610259 0.569853 0.526656 0.48088 0.432748 0.382496 0.330371 0.276628 0.22153 0.165347 0.108354 0.0508302 -0.00694266 -0.0646813 -0.122103 -0.178927 -0.234875 -0.289672 -0.34305 -0.394748 -0.444512 -0.492099 -0.537276 -0.579822 -0.619527 -0.656198 -0.689655 -0.719734 -0.746288 -0.769186 -0.788317 -0.803587 -0.814921 -0.822263 -0.825578 -0.824849 -0.82008 -0.811294 -0.798535 -0.781865 -0.761364 -0.737135 -0.709295 -0.677981 -0.643347 -0.605561 -0.564809 -0.521291 -0.475219 -0.42682 -0.37633 -0.323997 -0.270077 -0.214834 -0.158539 -0.101468 -0.0438989 0.0138848 0.0716002 0.128965 0.185699 0.241522 0.296163 0.349353 0.400832 0.450347 0.497657 
0 0.0548573 0.109446 0.163498 0.21675 0.26894 0.319813 0.369119 0.416618 0.462076 0.50527 0.54599 0.584036 0.61922 0.651372 0.680334 0.705963 0.728135 0.74674 0.761687 0.772904 0.780335 0.783944 0.783713 0.779644 0.771756 0.760088 0.744697 0.725658 0.703065 0.677029 0.647676 0.615152 0.579614 0.541237 0.500209 0.456731 0.411016 0.363288 0.313781 0.262737 0.210405 0.157044 0.102913 0.0482776 -0.00659401 -0.0614332 -0.115971 -0.169942 -0.22308 -0.275125 -0.325823 -0.374924 -0.42219 -0.467387 -0.510296 -0.550705 -0.588416 -0.623245 -0.655022 -0.683591 -0.708811 -0.73056 -0.74873 -0.763233 -0.773997 -0.780971 -0.784119 -0.783427 -0.778898 -0.770553 -0.758435 -0.742601 -0.72313 -0.700118 -0.673676 -0.643934 -0.611039 -0.575151 -0.536445 -0.495113 -0.451354 -0.405386 -0.357432 -0.307726 -0.256514 -0.204046 -0.150578 -0.0963721 -0.0416944 0.0131876 0.0680046 0.122489 0.176373 0.229393 0.28129 0.331809 0.380703 0.427732 0.472666 
0 0.0516881 0.103123 0.154053 0.204228 0.253403 0.301337 0.347795 0.392549 0.435381 0.47608 0.514448 0.550295 0.583447 0.613742 0.64103 0.665179 0.68607 0.7036 0.717684 0.728253 0.735254 0.738655 0.738437 0.734603 0.727171 0.716177 0.701675 0.683736 0.662449 0.637916 0.610259 0.579614 0.546129 0.509969 0.471312 0.430345 0.387272 0.342301 0.295653 0.247558 0.19825 0.147971 0.0969673 0.0454886 -0.00621307 -0.0578841 -0.109272 -0.160124 -0.210192 -0.259231 -0.306999 -0.353265 -0.3978 -0.440386 -0.480815 -0.51889 -0.554423 -0.58724 -0.617181 -0.644099 -0.667862 -0.688355 -0.705475 -0.71914 -0.729283 -0.735854 -0.73882 -0.738168 -0.7339 -0.726038 -0.714619 -0.6997 -0.681354 -0.659671 -0.634757 -0.606734 -0.575739 -0.541924 -0.505454 -0.466509 -0.425279 -0.381966 -0.336782 -0.289949 -0.241695 -0.192258 -0.141879 -0.0908047 -0.0392857 0.0124257 0.0640759 0.115413 0.166184 0.216141 0.26504 0.31264 0.358709 0.403022 0.44536 
0 0.0482658 0.0962952 0.143853 0.190706 0.236625 0.281385 0.324767 0.366558 0.406554 0.444558 0.480385 0.51386 0.544817 0.573105 0.598587 0.621137 0.640644 0.657014 0.670165 0.680034 0.686572 0.689748 0.689545 0.685964 0.679024 0.668758 0.655216 0.638465 0.618587 0.595679 0.569853 0.541237 0.509969 0.476203 0.440105 0.401852 0.36163 0.319637 0.276078 0.231167 0.185124 0.138174 0.0905469 0.0424767 -0.0058017 -0.0540515 -0.102037 -0.149522 -0.196275 -0.242067 -0.286673 -0.329875 -0.371461 -0.411228 -0.44898 -0.484534 -0.517714 -0.548358 -0.576317 -0.601453 -0.623642 -0.642778 -0.658765 -0.671525 -0.680996 -0.687132 -0.689902 -0.689293 -0.685308 -0.677966 -0.667303 -0.653372 -0.636241 -0.615994 -0.592729 -0.566561 -0.537619 -0.506042 -0.471988 -0.435621 -0.397121 -0.356676 -0.314484 -0.270751 -0.225692 -0.179528 -0.132485 -0.0847924 -0.0366845 0.011603 0.0598333 0.107771 0.155181 0.20183 0.247491 0.29194 0.334959 0.376337 0.415872 
0 0.0446071 0.0889957 0.132948 0.17625 0.218688 0.260055 0.300149 0.338772 0.375736 0.410859 0.44397 0.474907 0.503518 0.529662 0.553212 0.574052 0.592081 0.60721 0.619364 0.628485 0.634528 0.637462 0.637275 0.633966 0.627551 0.618064 0.605548 0.590067 0.571696 0.550524 0.526656 0.500209 0.471312 0.440105 0.406744 0.37139 0.334217 0.295407 0.25515 0.213644 0.171091 0.1277 0.0836831 0.0392568 -0.00536191 -0.0499542 -0.0943019 -0.138188 -0.181397 -0.223717 -0.264942 -0.304869 -0.343303 -0.380055 -0.414946 -0.447804 -0.478469 -0.506791 -0.53263 -0.55586 -0.576368 -0.594053 -0.608828 -0.620621 -0.629374 -0.635045 -0.637605 -0.637042 -0.633359 -0.626574 -0.616719 -0.603844 -0.588012 -0.569299 -0.547798 -0.523614 -0.496865 -0.467683 -0.436209 -0.4026 -0.367018 -0.329638 -0.290645 -0.250227 -0.208584 -0.165919 -0.122442 -0.0783648 -0.0339037 0.0107234 0.0552978 0.0996015 0.143417 0.186531 0.22873 0.26981 0.309568 0.347809 0.384347 
0 0.0407299 0.0812602 0.121393 0.16093 0.19968 0.237451 0.27406 0.309326 0.343077 0.375148 0.405381 0.433629 0.459752 0.483624 0.505127 0.524156 0.540618 0.554431 0.565529 0.573858 0.579375 0.582055 0.581883 0.578862 0.573005 0.564342 0.552915 0.538779 0.522005 0.502673 0.48088 0.456731 0.430345 0.401852 0.37139 0.339109 0.305167 0.26973 0.232973 0.195074 0.156219 0.1166 0.0764095 0.0358447 -0.00489585 -0.0456122 -0.0861052 -0.126177 -0.16563 -0.204272 -0.241913 -0.27837 -0.313463 -0.347021 -0.378879 -0.408881 -0.436881 -0.462741 -0.486334 -0.507545 -0.526271 -0.542418 -0.555909 -0.566677 -0.574669 -0.579847 -0.582185 -0.581671 -0.578308 -0.572112 -0.563115 -0.551359 -0.536902 -0.519816 -0.500184 -0.478102 -0.453678 -0.427032 -0.398294 -0.367606 -0.335117 -0.300986 -0.265382 -0.228477 -0.190454 -0.151498 -0.111799 -0.0715534 -0.0309568 0.00979136 0.0504913 0.0909442 0.130952 0.170318 0.208849 0.246358 0.28266 0.317578 0.35094 
0 0.0366532 0.0731268 0.109242 0.144823 0.179694 0.213685 0.246629 0.278365 0.308738 0.337599 0.364806 0.390226 0.413735 0.435217 0.454568 0.471693 0.486507 0.498938 0.508925 0.516419 0.521385 0.523796 0.523642 0.520923 0.515652 0.507856 0.497573 0.484852 0.469756 0.45236 0.432748 0.411016 0.387272 0.36163 0.334217 0.305167 0.274623 0.242733 0.209654 0.175549 0.140583 0.104929 0.0687615 0.0322569 -0.00440582 -0.0410469 -0.0774869 -0.113547 -0.149052 -0.183826 -0.2177 -0.250508 -0.282088 -0.312287 -0.340956 -0.367956 -0.393153 -0.416424 -0.437656 -0.456744 -0.473595 -0.488127 -0.500267 -0.509958 -0.51715 -0.521809 -0.523913 -0.523451 -0.520424 -0.514849 -0.506752 -0.496172 -0.483163 -0.467787 -0.45012 -0.430248 -0.408269 -0.38429 -0.358428 -0.330812 -0.301575 -0.27086 -0.23882 -0.205609 -0.171391 -0.136334 -0.100609 -0.0643915 -0.0278583 0.00881133 0.0454376 0.0818415 0.117845 0.15327 0.187945 0.2217 0.254368 0.285791 0.315814 
0 0.0323969 0.0646351 0.0965568 0.128006 0.158827 0.188871 0.21799 0.246041 0.272887 0.298396 0.322444 0.344912 0.365691 0.384679 0.401783 0.416919 0.430012 0.441 0.449827 0.456452 0.46084 0.462972 0.462835 0.460432 0.455774 0.448883 0.439793 0.42855 0.415207 0.399831 0.382496 0.363288 0.342301 0.319637 0.295407 0.26973 0.242733 0.214546 0.185309 0.155164 0.124258 0.0927447 0.0607768 0.0285112 -0.00389421 -0.0362804 -0.0684889 -0.100362 -0.131744 -0.16248 -0.19242 -0.221418 -0.249331 -0.276024 -0.301364 -0.325228 -0.347499 -0.368068 -0.386835 -0.403706 -0.4186 -0.431444 -0.442175 -0.45074 -0.457097 -0.461216 -0.463075 -0.462666 -0.459991 -0.455063 -0.447907 -0.438556 -0.427057 -0.413467 -0.397851 -0.380287 -0.36086 -0.339665 -0.316807 -0.292397 -0.266555 -0.239407 -0.211087 -0.181733 -0.151489 -0.120503 -0.0889261 -0.0569142 -0.0246233 0.00778814 0.0401613 0.0723379 0.10416 0.135472 0.166121 0.195956 0.224831 0.252604 0.279141 
0 0.027982 0.0558269 0.0833984 0.110561 0.137183 0.163133 0.188283 0.212511 0.235699 0.257732 0.278502 0.297909 0.315856 0.332257 0.34703 0.360103 0.371412 0.380902 0.388527 0.394248 0.398039 0.39988 0.399762 0.397686 0.393663 0.387711 0.37986 0.370149 0.358625 0.345344 0.330371 0.313781 0.295653 0.276078 0.25515 0.232973 0.209654 0.185309 0.160056 0.134019 0.107325 0.0801059 0.0524944 0.0246258 -0.00336352 -0.0313363 -0.0591555 -0.0866851 -0.11379 -0.140338 -0.166198 -0.191244 -0.215354 -0.238408 -0.260295 -0.280907 -0.300143 -0.317909 -0.334118 -0.348691 -0.361555 -0.372649 -0.381917 -0.389315 -0.394806 -0.398363 -0.399969 -0.399616 -0.397306 -0.393049 -0.386868 -0.378791 -0.368859 -0.357121 -0.343633 -0.328463 -0.311683 -0.293377 -0.273634 -0.252551 -0.23023 -0.206782 -0.182321 -0.156967 -0.130845 -0.104081 -0.0768076 -0.0491582 -0.0212678 0.0067268 0.0346882 0.06248 0.0899657 0.117011 0.143482 0.169252 0.194192 0.218181 0.241101 
0 0.02343 0.0467453 0.0698316 0.0925759 0.114867 0.136595 0.157654 0.177941 0.197357 0.215805 0.233197 0.249447 0.264474 0.278207 0.290577 0.301523 0.310993 0.318939 0.325323 0.330114 0.333288 0.334829 0.334731 0.332993 0.329624 0.32464 0.318066 0.309935 0.300285 0.289165 0.276628 0.262737 0.247558 0.231167 0.213644 0.195074 0.175549 0.155164 0.134019 0.112217 0.0898659 0.0670747 0.0439549 0.0206198 -0.00281636 -0.0262386 -0.0495324 -0.0725836 -0.0952793 -0.117508 -0.139162 -0.160134 -0.180321 -0.199625 -0.217952 -0.235211 -0.251318 -0.266194 -0.279766 -0.291968 -0.302739 -0.312028 -0.319789 -0.325983 -0.330581 -0.33356 -0.334904 -0.334609 -0.332674 -0.32911 -0.323934 -0.317171 -0.308855 -0.299026 -0.287733 -0.27503 -0.26098 -0.245652 -0.22912 -0.211467 -0.192777 -0.173144 -0.152662 -0.131433 -0.10956 -0.0871497 -0.064313 -0.0411614 -0.017808 0.00563252 0.0290453 0.0523161 0.0753305 0.0979759 0.120141 0.141719 0.162602 0.182688 0.20188 
0 0.0187633 0.0374347 0.0559227 0.0741368 0.0919878 0.109388 0.126253 0.142499 0.158047 0.172822 0.186749 0.199762 0.211797 0.222794 0.2327 0.241466 0.24905 0.255413 0.260526 0.264363 0.266904 0.268139 0.26806 0.266668 0.26397 0.259979 0.254715 0.248203 0.240475 0.23157 0.22153 0.210405 0.19825 0.185124 0.171091 0.156219 0.140583 0.124258 0.107325 0.0898659 0.0719666 0.0537149 0.0352 0.0165128 -0.0022554 -0.0210125 -0.0396666 -0.0581266 -0.0763017 -0.0941032 -0.111444 -0.128238 -0.144405 -0.159864 -0.174541 -0.188362 -0.201261 -0.213174 -0.224043 -0.233814 -0.24244 -0.249879 -0.256094 -0.261055 -0.264737 -0.267122 -0.268199 -0.267962 -0.266413 -0.263559 -0.259414 -0.253998 -0.247338 -0.239467 -0.230423 -0.22025 -0.208999 -0.196723 -0.183485 -0.169347 -0.15438 -0.138657 -0.122255 -0.105254 -0.0877377 -0.0697914 -0.0515032 -0.0329629 -0.0142611 0.00451065 0.0232602 0.0418959 0.0603263 0.0784612 0.096212 0.113491 0.130215 0.146301 0.16167 
0 0.0140047 0.0279407 0.0417399 0.0553347 0.0686584 0.0816458 0.0942334 0.106359 0.117964 0.128992 0.139387 0.1491 0.158082 0.16629 0.173684 0.180227 0.185887 0.190637 0.194453 0.197317 0.199214 0.200135 0.200076 0.199037 0.197023 0.194045 0.190115 0.185255 0.179487 0.17284 0.165347 0.157044 0.147971 0.138174 0.1277 0.1166 0.104929 0.0927447 0.0801059 0.0670747 0.0537149 0.040092 0.0262728 0.0123249 -0.0016834 -0.0156834 -0.0296066 -0.0433849 -0.0569506 -0.0702373 -0.08318 -0.0957154 -0.107782 -0.11932 -0.130275 -0.140591 -0.150218 -0.15911 -0.167222 -0.174516 -0.180954 -0.186506 -0.191145 -0.194848 -0.197596 -0.199376 -0.20018 -0.200003 -0.198847 -0.196716 -0.193623 -0.18958 -0.18461 -0.178735 -0.171984 -0.164392 -0.155994 -0.146832 -0.13695 -0.126398 -0.115227 -0.103492 -0.0912496 -0.0785602 -0.0654862 -0.0520913 -0.0384413 -0.0246031 -0.0106443 0.00336668 0.0173611 0.0312705 0.0450267 0.0585624 0.0718113 0.0847084 0.0971906 0.109197 0.120668 
