0 0 0 0 0 0 0 0 0 0 0 0 0 0 0 0 0 0 0 0 0 0 0 0 0 0 0 0 0 0 0 0 -0 -0 -0 -0 -0 -0 -0 -0 -0 -0 -0 -0 -0 -0 -0 -0 -0 -0 -0 -0 -0 -0 -0 -0 -0 -0 -0 -0 -0 -0 -0 0 0 0 0 0 0 0 0 0 0 0 0 0 0 0 0 0 0 0 0 0 0 0 0 0 0 0 0 0 0 0 0 -0 -0 -0 -0 -0 
0 0.00996671 0.0198338 0.0295028 0.038877 0.0478627 0.0563702 0.0643145 0.0716161 0.0782022 0.0840069 0.0889723 0.0930486 0.0961953 0.0983808 0.0995833 0.0997908 0.0990013 0.0972225 0.0944724 0.0907783 0.0861771 0.080715 0.0744463 0.0674338 0.0597475 0.0514643 0.0426668 0.033443 0.0238851 0.0140885 0.00415113 -0.0058277 -0.0157483 -0.0255116 -0.0350199 -0.0441783 -0.0528954 -0.0610839 -0.0686621 -0.0755542 -0.0816914 -0.0870124 -0.091464 -0.0950017 -0.0975902 -0.0992036 -0.0998258 -0.0994505 -0.0980816 -0.0957327 -0.0924273 -0.0881983 -0.0830881 -0.0771477 -0.0704365 -0.0630215 -0.0549768 -0.0463828 -0.0373254 -0.027895 -0.0181859 -0.00829507 0.00167861 0.0116355 0.0214762 0.0311022 0.0404176 0.049329 0.0577476 0.0655892 0.0727755 0.0792346 0.084902 0.0897211 0.0936437 0.0966307 0.0986522 0.099688 0.0997277 0.098771 0.0968274 0.0939164 0.0900669 0.0853175 0.0797157 0.0733173 0.0661865 0.0583943 0.0500186 0.0411432 0.0318566 0.0222519 0.0124247 0.00247336 -0.00750259 -0.0174037 -0.0271308 -0.0365869 -0.0456774 
0 0.0198338 0.0394695 0.0587108 0.0773655 0.0952471 0.112177 0.127986 0.142517 0.155623 0.167174 0.177056 0.185168 0.191429 0.195779 0.198172 0.198585 0.197013 0.193474 0.188001 0.18065 0.171493 0.160623 0.148149 0.134194 0.118898 0.102414 0.0849073 0.0665519 0.0475315 0.0280362 0.00826077 -0.0115972 -0.0313392 -0.0507682 -0.0696899 -0.0879153 -0.105262 -0.121557 -0.136638 -0.150353 -0.162567 -0.173155 -0.182014 -0.189054 -0.194205 -0.197416 -0.198654 -0.197907 -0.195183 -0.190509 -0.183931 -0.175515 -0.165346 -0.153525 -0.140169 -0.125413 -0.109404 -0.0923022 -0.0742778 -0.0555113 -0.0361901 -0.0165073 0.00334044 0.0231548 0.0427377 0.0618937 0.0804313 0.0981652 0.114918 0.130523 0.144824 0.157678 0.168956 0.178546 0.186352 0.192296 0.196319 0.19838 0.198459 0.196555 0.192687 0.186894 0.179234 0.169783 0.158635 0.145902 0.131712 0.116205 0.0995374 0.0818753 0.063395 0.0442814 0.0247252 0.004922 -0.0149302 -0.0346335 -0.0539905 -0.0728082 -0.0908984 
0 0.0295028 0.0587108 0.0873322 0.115081 0.14168 0.166863 0.190379 0.211993 0.231489 0.248672 0.26337 0.275436 0.284751 0.29122 0.29478 0.295394 0.293057 0.287792 0.279651 0.268716 0.255096 0.238927 0.220371 0.199613 0.176861 0.152341 0.126299 0.0989958 0.070703 0.0417038 0.0122879 -0.0172508 -0.046617 -0.0755176 -0.103664 -0.130774 -0.156577 -0.180816 -0.203249 -0.22365 -0.241817 -0.257568 -0.270746 -0.281218 -0.28888 -0.293656 -0.295498 -0.294387 -0.290335 -0.283382 -0.273597 -0.261079 -0.245952 -0.228368 -0.208501 -0.186552 -0.162739 -0.137299 -0.110488 -0.0825729 -0.0538327 -0.0245545 0.0049689 0.0344427 0.0635723 0.0920667 0.119641 0.146021 0.170941 0.194153 0.215425 0.234545 0.251321 0.265586 0.277198 0.28604 0.292024 0.29509 0.295207 0.292375 0.286622 0.278005 0.26661 0.252551 0.235969 0.217029 0.195921 0.172855 0.148062 0.121789 0.0942999 0.0658685 0.0367787 0.00732147 -0.0222087 -0.0515172 -0.0803107 -0.108302 -0.135211 
0 0.038877 0.0773655 0.115081 0.151647 0.186697 0.219882 0.25087 0.279352 0.305042 0.327684 0.347052 0.362953 0.375227 0.383752 0.388443 0.389252 0.386172 0.379234 0.368507 0.354097 0.33615 0.314843 0.290391 0.263038 0.233056 0.200746 0.16643 0.130451 0.093168 0.0549547 0.0161922 -0.022732 -0.061429 -0.0995124 -0.136601 -0.172326 -0.206328 -0.238269 -0.267829 -0.294713 -0.318652 -0.339408 -0.356772 -0.370571 -0.380668 -0.386961 -0.389388 -0.387925 -0.382585 -0.373423 -0.360529 -0.344033 -0.3241 -0.300929 -0.27475 -0.245827 -0.214447 -0.180925 -0.145594 -0.10881 -0.0709375 -0.0323564 0.00654772 0.0453864 0.0837717 0.12132 0.157656 0.192417 0.225255 0.255843 0.283874 0.309069 0.331176 0.349973 0.365274 0.376926 0.384811 0.388851 0.389006 0.385274 0.377693 0.366338 0.351322 0.332796 0.310946 0.285988 0.258172 0.227777 0.195107 0.160487 0.124263 0.0867975 0.0484648 0.00964778 -0.0292652 -0.0678862 -0.105828 -0.142714 -0.178173 
0 0.0478627 0.0952471 0.14168 0.186697 0.229849 0.270704 0.308854 0.343919 0.375547 0.403423 0.427268 0.446843 0.461954 0.47245 0.478225 0.479221 0.475429 0.466887 0.45368 0.43594 0.413845 0.387614 0.35751 0.323834 0.286923 0.247144 0.204897 0.160602 0.114702 0.0676565 0.0199348 -0.0279861 -0.0756273 -0.122513 -0.168174 -0.212156 -0.254017 -0.29334 -0.329733 -0.36283 -0.392303 -0.417856 -0.439233 -0.456222 -0.468653 -0.476401 -0.479389 -0.477587 -0.471013 -0.459733 -0.443859 -0.423551 -0.39901 -0.370483 -0.338254 -0.302645 -0.264013 -0.222742 -0.179246 -0.133959 -0.0873334 -0.039835 0.0080611 0.0558767 0.103134 0.149361 0.194096 0.236891 0.277319 0.314976 0.349486 0.380505 0.407721 0.430864 0.449701 0.464045 0.473753 0.478727 0.478918 0.474324 0.46499 0.45101 0.432524 0.409716 0.382815 0.352089 0.317844 0.280424 0.240202 0.19758 0.152984 0.106859 0.0596665 0.0118777 -0.0360294 -0.0835769 -0.130289 -0.1757 -0.219355 
0 0.0563702 0.112177 0.166863 0.219882 0.270704 0.318821 0.363753 0.40505 0.4423 0.47513 0.503214 0.526269 0.544066 0.556427 0.563228 0.564402 0.559936 0.549876 0.534321 0.513428 0.487405 0.456511 0.421057 0.381395 0.337923 0.291074 0.241317 0.189149 0.13509 0.0796824 0.0234781 -0.0329605 -0.0890699 -0.144289 -0.198067 -0.249866 -0.299168 -0.345481 -0.388342 -0.427323 -0.462034 -0.492129 -0.517306 -0.537315 -0.551955 -0.56108 -0.564599 -0.562477 -0.554734 -0.541449 -0.522754 -0.498836 -0.469934 -0.436336 -0.398378 -0.35644 -0.31094 -0.262334 -0.211107 -0.15777 -0.102857 -0.0469156 0.00949395 0.0658087 0.121466 0.175909 0.228596 0.278997 0.326612 0.370963 0.411607 0.448139 0.480193 0.507449 0.529635 0.546529 0.557962 0.56382 0.564045 0.558634 0.547641 0.531177 0.509404 0.482543 0.45086 0.414672 0.374341 0.330269 0.282897 0.2327 0.180176 0.125853 0.0702721 0.0139889 -0.0424335 -0.0984325 -0.153447 -0.20693 -0.258345 
0 0.0643145 0.127986 0.190379 0.25087 0.308854 0.363753 0.415016 0.462133 0.504633 0.54209 0.574132 0.600436 0.620741 0.634844 0.642604 0.643943 0.638848 0.62737 0.609623 0.585785 0.556095 0.520848 0.480397 0.435145 0.385546 0.332095 0.275326 0.215805 0.154129 0.090912 0.0267869 -0.0376057 -0.101623 -0.164624 -0.225981 -0.28508 -0.34133 -0.39417 -0.443071 -0.487546 -0.527149 -0.561485 -0.59021 -0.613039 -0.629742 -0.640153 -0.644168 -0.641747 -0.632913 -0.617756 -0.596426 -0.569137 -0.536161 -0.497829 -0.454522 -0.406673 -0.354761 -0.299305 -0.240858 -0.180004 -0.117352 -0.0535275 0.0108319 0.0750831 0.138584 0.2007 0.260812 0.318317 0.372641 0.423242 0.469615 0.511295 0.547866 0.578964 0.604276 0.623551 0.636595 0.643279 0.643536 0.637362 0.62482 0.606035 0.581195 0.550547 0.5144 0.473111 0.427097 0.376814 0.322766 0.265494 0.205569 0.14359 0.0801756 0.0159604 -0.0484137 -0.112305 -0.175073 -0.236092 -0.294753 
0 0.0716161 0.142517 0.211993 0.279352 0.343919 0.40505 0.462133 0.5146 0.561924 0.603634 0.639313 0.668604 0.691214 0.706918 0.715559 0.71705 0.711377 0.698596 0.678834 0.65229 0.619228 0.57998 0.534936 0.484548 0.429318 0.369798 0.306584 0.240306 0.171627 0.101233 0.029828 -0.0418751 -0.11316 -0.183314 -0.251636 -0.317445 -0.380081 -0.43892 -0.493373 -0.542897 -0.586996 -0.62523 -0.657217 -0.682638 -0.701237 -0.71283 -0.717301 -0.714605 -0.704768 -0.68789 -0.664139 -0.633751 -0.597032 -0.554347 -0.506124 -0.452843 -0.395037 -0.333285 -0.268203 -0.20044 -0.130675 -0.0596045 0.0120617 0.0836073 0.154318 0.223486 0.290422 0.354455 0.414947 0.471293 0.52293 0.569343 0.610066 0.644694 0.67288 0.694343 0.708869 0.716311 0.716597 0.709722 0.695756 0.674839 0.647178 0.613051 0.5728 0.526824 0.475585 0.419594 0.35941 0.295636 0.228907 0.159892 0.089278 0.0177724 -0.0539101 -0.125055 -0.194949 -0.262896 -0.328217 
0 0.0782022 0.155623 0.231489 0.305042 0.375547 0.4423 0.504633 0.561924 0.613601 0.659147 0.698107 0.730091 0.754781 0.771929 0.781365 0.782993 0.776798 0.762841 0.741262 0.712277 0.676175 0.633317 0.584131 0.529108 0.468799 0.403806 0.334778 0.262405 0.18741 0.110543 0.0325711 -0.0457261 -0.123566 -0.200172 -0.274778 -0.346638 -0.415035 -0.479285 -0.538746 -0.592824 -0.640978 -0.682729 -0.717658 -0.745416 -0.765726 -0.778385 -0.783267 -0.780323 -0.769582 -0.751151 -0.725216 -0.692034 -0.651937 -0.605327 -0.552669 -0.494488 -0.431367 -0.363935 -0.292868 -0.218874 -0.142693 -0.0650859 0.0131709 0.0912962 0.168509 0.244039 0.31713 0.387052 0.453108 0.514635 0.571021 0.621702 0.66617 0.703982 0.734761 0.758198 0.774059 0.782186 0.782498 0.774991 0.759741 0.7369 0.706695 0.66943 0.625476 0.575273 0.519322 0.458181 0.392463 0.322824 0.249958 0.174596 0.0974884 0.0194068 -0.0588679 -0.136555 -0.212877 -0.287073 -0.358401 
0 0.0840069 0.167174 0.248672 0.327684 0.403423 0.47513 0.54209 0.603634 0.659147 0.708073 0.749925 0.784284 0.810806 0.829227 0.839363 0.841112 0.834457 0.819465 0.796284 0.765147 0.726366 0.680326 0.627489 0.568383 0.503597 0.433779 0.359628 0.281883 0.201321 0.118748 0.0349888 -0.0491202 -0.132738 -0.215031 -0.295174 -0.372368 -0.445842 -0.514861 -0.578735 -0.636827 -0.688556 -0.733406 -0.770927 -0.800746 -0.822563 -0.836162 -0.841406 -0.838244 -0.826705 -0.806907 -0.779046 -0.743401 -0.700329 -0.650259 -0.593692 -0.531193 -0.463386 -0.390949 -0.314606 -0.23512 -0.153285 -0.0699171 0.0141486 0.0980728 0.181017 0.262153 0.34067 0.415782 0.48674 0.552835 0.613406 0.667849 0.715618 0.756237 0.7893 0.814476 0.831515 0.840245 0.84058 0.832516 0.816134 0.791597 0.759151 0.71912 0.671904 0.617974 0.557869 0.492191 0.421594 0.346786 0.268512 0.187556 0.104725 0.0208473 -0.0632375 -0.146691 -0.228679 -0.308382 -0.385004 
0 0.0889723 0.177056 0.26337 0.347052 0.427268 0.503214 0.574132 0.639313 0.698107 0.749925 0.794251 0.83064 0.85873 0.87824 0.888975 0.890827 0.883779 0.8679 0.84335 0.810373 0.769298 0.720538 0.664578 0.601978 0.533363 0.459419 0.380884 0.298544 0.213221 0.125767 0.0370569 -0.0520235 -0.140584 -0.22774 -0.312621 -0.394378 -0.472194 -0.545292 -0.612942 -0.674468 -0.729255 -0.776755 -0.816494 -0.848075 -0.871182 -0.885585 -0.891139 -0.887789 -0.875569 -0.8546 -0.825093 -0.787341 -0.741723 -0.688693 -0.628783 -0.56259 -0.490775 -0.414057 -0.333202 -0.249017 -0.162345 -0.0740496 0.0149848 0.10387 0.191717 0.277648 0.360805 0.440358 0.51551 0.585511 0.649663 0.707323 0.757915 0.800935 0.835953 0.862617 0.880663 0.889909 0.890264 0.881723 0.864373 0.838386 0.804022 0.761625 0.711618 0.6545 0.590843 0.521282 0.446513 0.367283 0.284382 0.198641 0.110915 0.0220795 -0.0669752 -0.155362 -0.242195 -0.326609 -0.40776 
0 0.0930486 0.185168 0.275436 0.362953 0.446843 0.526269 0.600436 0.668604 0.730091 0.784284 0.83064 0.868697 0.898074 0.918478 0.929704 0.931642 0.92427 0.907664 0.881989 0.847501 0.804545 0.75355 0.695026 0.629558 0.557799 0.480467 0.398335 0.312222 0.22299 0.131529 0.0387547 -0.054407 -0.147025 -0.238174 -0.326944 -0.412446 -0.493828 -0.570275 -0.641025 -0.70537 -0.762666 -0.812343 -0.853903 -0.88693 -0.911096 -0.926159 -0.931968 -0.928464 -0.915684 -0.893755 -0.862896 -0.823414 -0.775706 -0.720247 -0.657591 -0.588365 -0.51326 -0.433027 -0.348468 -0.260426 -0.169783 -0.0774423 0.0156714 0.108629 0.2005 0.290369 0.377336 0.460533 0.539129 0.612337 0.679428 0.73973 0.79264 0.837631 0.874253 0.902139 0.921011 0.930681 0.931052 0.922121 0.903975 0.876798 0.840859 0.796519 0.744221 0.684487 0.617913 0.545166 0.466971 0.384111 0.297412 0.207742 0.115996 0.0230911 -0.0700438 -0.16248 -0.253291 -0.341573 -0.426442 
0 0.0961953 0.191429 0.284751 0.375227 0.461954 0.544066 0.620741 0.691214 0.754781 0.810806 0.85873 0.898074 0.928444 0.949538 0.961145 0.963147 0.955527 0.938359 0.911815 0.876161 0.831752 0.779033 0.71853 0.650848 0.576663 0.496715 0.411805 0.322781 0.230531 0.135977 0.0400653 -0.0562469 -0.151997 -0.246229 -0.338 -0.426394 -0.510528 -0.589561 -0.662703 -0.729223 -0.788458 -0.839814 -0.882779 -0.916924 -0.941907 -0.957479 -0.963484 -0.959863 -0.94665 -0.923979 -0.892076 -0.85126 -0.801938 -0.744604 -0.679829 -0.608262 -0.530617 -0.447671 -0.360252 -0.269233 -0.175524 -0.0800612 0.0162014 0.112302 0.207281 0.300188 0.390097 0.476107 0.55736 0.633045 0.702404 0.764745 0.819445 0.865958 0.903818 0.932647 0.952158 0.962155 0.962538 0.953304 0.934545 0.906449 0.869295 0.823455 0.769389 0.707634 0.63881 0.563602 0.482762 0.3971 0.307469 0.214768 0.119919 0.023872 -0.0724125 -0.167974 -0.261857 -0.353124 -0.440863 
0 0.0983808 0.195779 0.29122 0.383752 0.47245 0.556427 0.634844 0.706918 0.771929 0.829227 0.87824 0.918478 0.949538 0.971111 0.982981 0.98503 0.977236 0.959678 0.932531 0.896067 0.850649 0.796733 0.734855 0.665635 0.589764 0.508001 0.421161 0.330114 0.235768 0.139067 0.0409755 -0.0575248 -0.15545 -0.251823 -0.345679 -0.436082 -0.522127 -0.602955 -0.677759 -0.745791 -0.806371 -0.858894 -0.902836 -0.937756 -0.963307 -0.979232 -0.985374 -0.98167 -0.968158 -0.944972 -0.912344 -0.8706 -0.820158 -0.761521 -0.695274 -0.622082 -0.542673 -0.457842 -0.368437 -0.27535 -0.179512 -0.0818802 0.0165694 0.114853 0.21199 0.307008 0.39896 0.486924 0.570023 0.647427 0.718362 0.78212 0.838063 0.885632 0.924352 0.953836 0.97379 0.984014 0.984406 0.974963 0.955778 0.927043 0.889045 0.842164 0.786869 0.723711 0.653323 0.576406 0.49373 0.406122 0.314455 0.219647 0.122643 0.0244144 -0.0740577 -0.171791 -0.267806 -0.361147 -0.450879 
0 0.0995833 0.198172 0.29478 0.388443 0.478225 0.563228 0.642604 0.715559 0.781365 0.839363 0.888975 0.929704 0.961145 0.982981 0.994996 0.99707 0.989181 0.971408 0.94393 0.90702 0.861047 0.806471 0.743837 0.673771 0.596973 0.51421 0.426309 0.334149 0.23865 0.140767 0.0414764 -0.058228 -0.15735 -0.254901 -0.349905 -0.441412 -0.528509 -0.610325 -0.686043 -0.754907 -0.816227 -0.869393 -0.913871 -0.949218 -0.975081 -0.991202 -0.997418 -0.993669 -0.979991 -0.956522 -0.923496 -0.881241 -0.830182 -0.770829 -0.703773 -0.629685 -0.549306 -0.463438 -0.37294 -0.278716 -0.181706 -0.082881 0.016772 0.116257 0.214581 0.310761 0.403836 0.492876 0.576991 0.655341 0.727143 0.79168 0.848306 0.896457 0.93565 0.965495 0.985693 0.996042 0.996439 0.98688 0.96746 0.938374 0.899912 0.852458 0.796487 0.732557 0.661309 0.583452 0.499765 0.411086 0.318299 0.222332 0.124142 0.0247128 -0.0749629 -0.17389 -0.27108 -0.365561 -0.45639 
0 0.0997908 0.198585 0.295394 0.389252 0.479221 0.564402 0.643943 0.71705 0.782993 0.841112 0.890827 0.931642 0.963147 0.98503 0.99707 0.999147 0.991242 0.973432 0.945897 0.90891 0.862841 0.808152 0.745387 0.675175 0.598217 0.515281 0.427198 0.334845 0.239147 0.14106 0.0415628 -0.0583493 -0.157678 -0.255432 -0.350634 -0.442332 -0.52961 -0.611597 -0.687473 -0.75648 -0.817928 -0.871204 -0.915775 -0.951196 -0.977113 -0.993267 -0.999497 -0.99574 -0.982034 -0.958515 -0.92542 -0.883078 -0.831912 -0.772435 -0.705239 -0.630998 -0.55045 -0.464404 -0.373717 -0.279296 -0.182085 -0.0830537 0.0168069 0.1165 0.215028 0.311408 0.404678 0.493903 0.578193 0.656706 0.728658 0.79333 0.850074 0.898325 0.9376 0.967507 0.987747 0.998118 0.998515 0.988936 0.969476 0.940329 0.901787 0.854234 0.798147 0.734084 0.662687 0.584668 0.500807 0.411943 0.318962 0.222795 0.124401 0.0247643 -0.0751191 -0.174253 -0.271645 -0.366323 -0.457341 
0 0.0990013 0.197013 0.293057 0.386172 0.475429 0.559936 0.638848 0.711377 0.776798 0.834457 0.883779 0.92427 0.955527 0.977236 0.989181 0.991242 0.983399 0.96573 0.938412 0.901718 0.856014 0.801757 0.73949 0.669833 0.593484 0.511204 0.423818 0.332196 0.237255 0.139944 0.0412339 -0.0578876 -0.156431 -0.253411 -0.347859 -0.438832 -0.52542 -0.606758 -0.682034 -0.750494 -0.811457 -0.864311 -0.90853 -0.94367 -0.969382 -0.985408 -0.991589 -0.987861 -0.974264 -0.950931 -0.918098 -0.876091 -0.82533 -0.766323 -0.69966 -0.626005 -0.546095 -0.460729 -0.37076 -0.277087 -0.180644 -0.0823966 0.0166739 0.115578 0.213327 0.308945 0.401476 0.489995 0.573618 0.65151 0.722893 0.787053 0.843348 0.891217 0.930182 0.959852 0.979932 0.99022 0.990615 0.981112 0.961806 0.932889 0.894652 0.847475 0.791832 0.728275 0.657443 0.580042 0.496844 0.408683 0.316438 0.221032 0.123417 0.0245684 -0.0745247 -0.172874 -0.269495 -0.363425 -0.453723 
0 0.0972225 0.193474 0.287792 0.379234 0.466887 0.549876 0.62737 0.698596 0.762841 0.819465 0.8679 0.907664 0.938359 0.959678 0.971408 0.973432 0.96573 0.948379 0.921552 0.885517 0.840634 0.787352 0.726203 0.657798 0.582821 0.50202 0.416203 0.326227 0.232992 0.137429 0.0404931 -0.0568476 -0.15362 -0.248858 -0.341609 -0.430948 -0.51598 -0.595856 -0.66978 -0.73701 -0.796877 -0.848782 -0.892206 -0.926715 -0.951965 -0.967704 -0.973773 -0.970113 -0.956759 -0.933846 -0.901603 -0.86035 -0.810502 -0.752555 -0.687089 -0.614758 -0.536284 -0.452452 -0.364099 -0.272108 -0.177399 -0.0809161 0.0163744 0.113501 0.209494 0.303394 0.394262 0.481191 0.563312 0.639805 0.709905 0.772912 0.828196 0.875205 0.913469 0.942606 0.962325 0.972429 0.972817 0.963484 0.944525 0.916128 0.878578 0.832249 0.777605 0.715191 0.645631 0.56962 0.487918 0.401341 0.310753 0.217061 0.121199 0.0241269 -0.0731857 -0.169768 -0.264653 -0.356895 -0.445571 
0 0.0944724 0.188001 0.279651 0.368507 0.45368 0.534321 0.609623 0.678834 0.741262 0.796284 0.84335 0.881989 0.911815 0.932531 0.94393 0.945897 0.938412 0.921552 0.895484 0.860468 0.816855 0.76508 0.705661 0.639191 0.566334 0.487819 0.40443 0.316999 0.226402 0.133542 0.0393476 -0.0552395 -0.149275 -0.241819 -0.331946 -0.418757 -0.501384 -0.579001 -0.650833 -0.716162 -0.774336 -0.824772 -0.866968 -0.900501 -0.925037 -0.94033 -0.946227 -0.942671 -0.929695 -0.90743 -0.876099 -0.836013 -0.787575 -0.731267 -0.667653 -0.597368 -0.521114 -0.439653 -0.353799 -0.264411 -0.17238 -0.0786272 0.0159112 0.110291 0.203568 0.294812 0.38311 0.46758 0.547378 0.621706 0.689823 0.751048 0.804768 0.850448 0.887629 0.915942 0.935104 0.944922 0.945298 0.93623 0.917807 0.890213 0.853725 0.808707 0.755608 0.69496 0.627368 0.553507 0.474116 0.389988 0.301962 0.210921 0.117771 0.0234444 -0.0711155 -0.164966 -0.257167 -0.346799 -0.432967 
0 0.0907783 0.18065 0.268716 0.354097 0.43594 0.513428 0.585785 0.65229 0.712277 0.765147 0.810373 0.847501 0.876161 0.896067 0.90702 0.90891 0.901718 0.885517 0.860468 0.826822 0.784914 0.735164 0.678068 0.614197 0.544189 0.468744 0.388615 0.304604 0.217549 0.12832 0.0378091 -0.0530795 -0.143438 -0.232363 -0.318966 -0.402383 -0.481779 -0.556361 -0.625384 -0.688159 -0.744057 -0.792522 -0.833067 -0.865289 -0.888866 -0.903561 -0.909228 -0.90581 -0.893342 -0.871947 -0.841841 -0.803323 -0.756779 -0.702673 -0.641546 -0.574009 -0.500737 -0.422461 -0.339965 -0.254072 -0.16564 -0.0755527 0.015289 0.105978 0.195608 0.283284 0.368129 0.449296 0.525974 0.597396 0.66285 0.72168 0.7733 0.817193 0.852921 0.880127 0.898539 0.907973 0.908335 0.899621 0.881918 0.855404 0.820342 0.777084 0.726062 0.667785 0.602836 0.531864 0.455577 0.374738 0.290155 0.202673 0.113166 0.0225277 -0.0683347 -0.158515 -0.247111 -0.333239 -0.416037 
0 0.0861771 0.171493 0.255096 0.33615 0.413845 0.487405 0.556095 0.619228 0.676175 0.726366 0.769298 0.804545 0.831752 0.850649 0.861047 0.862841 0.856014 0.840634 0.816855 0.784914 0.74513 0.697902 0.6437 0.583066 0.516607 0.444985 0.368918 0.289165 0.206522 0.121816 0.0358927 -0.0503891 -0.136168 -0.220586 -0.302799 -0.381988 -0.45736 -0.528161 -0.593686 -0.653279 -0.706344 -0.752352 -0.790843 -0.821432 -0.843813 -0.857763 -0.863143 -0.859899 -0.848062 -0.827752 -0.799172 -0.762606 -0.718421 -0.667057 -0.609029 -0.544915 -0.475357 -0.401049 -0.322734 -0.241194 -0.157244 -0.0717233 0.0145141 0.100606 0.185694 0.268925 0.34947 0.426523 0.499315 0.567117 0.629253 0.685102 0.734105 0.775773 0.80969 0.835517 0.852996 0.861952 0.862296 0.854023 0.837218 0.812047 0.778763 0.737697 0.689261 0.633938 0.572281 0.504906 0.432485 0.355745 0.275448 0.192401 0.10743 0.0213859 -0.0648711 -0.150481 -0.234586 -0.316348 -0.39495 
0 0.080715 0.160623 0.238927 0.314843 0.387614 0.456511 0.520848 0.57998 0.633317 0.680326 0.720538 0.75355 0.779033 0.796733 0.806471 0.808152 0.801757 0.787352 0.76508 0.735164 0.697902 0.653666 0.6029 0.546109 0.483863 0.416781 0.345535 0.270837 0.193432 0.114095 0.0336177 -0.0471953 -0.127537 -0.206604 -0.283607 -0.357776 -0.428371 -0.494685 -0.556056 -0.611872 -0.661574 -0.704666 -0.740717 -0.769367 -0.79033 -0.803396 -0.808434 -0.805395 -0.794309 -0.775287 -0.748518 -0.71427 -0.672885 -0.624777 -0.570427 -0.510377 -0.445227 -0.375629 -0.302278 -0.225906 -0.147278 -0.0671773 0.0135941 0.0942297 0.173924 0.25188 0.32732 0.399489 0.467667 0.531171 0.589369 0.641678 0.687575 0.726602 0.75837 0.78256 0.79893 0.807319 0.80764 0.799893 0.784152 0.760577 0.729403 0.69094 0.645574 0.593757 0.536008 0.472903 0.405073 0.333196 0.25799 0.180206 0.100621 0.0200304 -0.0607594 -0.140943 -0.219717 -0.296297 -0.369916 
0 0.0744463 0.148149 0.220371 0.290391 0.35751 0.421057 0.480397 0.534936 0.584131 0.627489 0.664578 0.695026 0.71853 0.734855 0.743837 0.745387 0.73949 0.726203 0.705661 0.678068 0.6437 0.6029 0.556076 0.503696 0.446284 0.384412 0.318699 0.249802 0.178409 0.105234 0.0310068 -0.0435299 -0.117632 -0.190558 -0.261581 -0.32999 -0.395102 -0.456266 -0.512871 -0.564352 -0.610193 -0.649939 -0.68319 -0.709615 -0.728949 -0.741001 -0.745648 -0.742845 -0.73262 -0.715075 -0.690385 -0.658797 -0.620626 -0.576254 -0.526125 -0.470739 -0.410649 -0.346456 -0.278802 -0.208362 -0.13584 -0.06196 0.0125384 0.0869114 0.160416 0.232318 0.301899 0.368463 0.431346 0.489918 0.543596 0.591842 0.634175 0.670171 0.699471 0.721783 0.736882 0.744619 0.744916 0.73777 0.723252 0.701508 0.672754 0.637279 0.595436 0.547644 0.49438 0.436176 0.373614 0.307319 0.237953 0.16621 0.0928062 0.0184747 -0.0560406 -0.129997 -0.202653 -0.273286 -0.341187 
0 0.0674338 0.134194 0.199613 0.263038 0.323834 0.381395 0.435145 0.484548 0.529108 0.568383 0.601978 0.629558 0.650848 0.665635 0.673771 0.675175 0.669833 0.657798 0.639191 0.614197 0.583066 0.546109 0.503696 0.45625 0.404246 0.348202 0.288679 0.226272 0.161604 0.0953214 0.0280861 -0.0394296 -0.106551 -0.172609 -0.236941 -0.298906 -0.357885 -0.413287 -0.464561 -0.511192 -0.552716 -0.588717 -0.618836 -0.642772 -0.660286 -0.671202 -0.675411 -0.672872 -0.663611 -0.647718 -0.625354 -0.596741 -0.562166 -0.521974 -0.476566 -0.426397 -0.371968 -0.313822 -0.25254 -0.188735 -0.123044 -0.0561236 0.0113573 0.0787248 0.145306 0.210435 0.273461 0.333755 0.390715 0.44377 0.492392 0.536093 0.574439 0.607044 0.633584 0.653794 0.667471 0.674479 0.674748 0.668275 0.655125 0.635429 0.609384 0.57725 0.539349 0.496058 0.447811 0.39509 0.338421 0.278371 0.215539 0.150554 0.0840643 0.0167345 -0.0507618 -0.117752 -0.183564 -0.247543 -0.309049 
0 0.0597475 0.118898 0.176861 0.233056 0.286923 0.337923 0.385546 0.429318 0.468799 0.503597 0.533363 0.557799 0.576663 0.589764 0.596973 0.598217 0.593484 0.582821 0.566334 0.544189 0.516607 0.483863 0.446284 0.404246 0.358169 0.308513 0.255775 0.200481 0.143184 0.0844564 0.0248848 -0.0349353 -0.0944064 -0.152934 -0.209934 -0.264836 -0.317092 -0.36618 -0.411609 -0.452925 -0.489716 -0.521614 -0.5483 -0.569507 -0.585025 -0.594696 -0.598426 -0.596177 -0.58797 -0.573889 -0.554074 -0.528723 -0.498089 -0.462478 -0.422246 -0.377796 -0.32957 -0.278051 -0.223755 -0.167222 -0.109019 -0.0497265 0.0100628 0.0697515 0.128743 0.186449 0.242292 0.295713 0.34618 0.393188 0.436268 0.474988 0.508963 0.537852 0.561367 0.579273 0.591391 0.5976 0.597839 0.592103 0.580452 0.563001 0.539925 0.511453 0.477872 0.439516 0.396769 0.350057 0.299847 0.246641 0.190971 0.133394 0.0744824 0.0148271 -0.0449759 -0.10433 -0.162641 -0.219328 -0.273823 
0 0.0514643 0.102414 0.152341 0.200746 0.247144 0.291074 0.332095 0.369798 0.403806 0.433779 0.459419 0.480467 0.496715 0.508001 0.51421 0.515281 0.511204 0.50202 0.487819 0.468744 0.444985 0.416781 0.384412 0.348202 0.308513 0.265742 0.220315 0.172687 0.123333 0.0727475 0.0214348 -0.030092 -0.0813181 -0.131732 -0.180829 -0.22812 -0.273131 -0.315413 -0.354544 -0.390133 -0.421823 -0.449298 -0.472285 -0.490552 -0.503918 -0.512249 -0.515462 -0.513524 -0.506456 -0.494327 -0.477259 -0.455422 -0.429035 -0.398361 -0.363707 -0.325419 -0.283879 -0.239503 -0.192734 -0.144039 -0.093905 -0.0428325 0.00866769 0.0600813 0.110895 0.1606 0.208701 0.254716 0.298186 0.338677 0.375784 0.409137 0.438401 0.463285 0.48354 0.498964 0.509402 0.51475 0.514956 0.510015 0.499979 0.484948 0.465071 0.440547 0.411621 0.378582 0.341762 0.301525 0.258277 0.212448 0.164495 0.1149 0.0641563 0.0127715 -0.0387405 -0.0898659 -0.140093 -0.188921 -0.235861 
0 0.0426668 0.0849073 0.126299 0.16643 0.204897 0.241317 0.275326 0.306584 0.334778 0.359628 0.380884 0.398335 0.411805 0.421161 0.426309 0.427198 0.423818 0.416203 0.40443 0.388615 0.368918 0.345535 0.318699 0.288679 0.255775 0.220315 0.182654 0.143167 0.10225 0.0603118 0.0177707 -0.024948 -0.0674173 -0.109213 -0.149918 -0.189124 -0.226441 -0.261496 -0.293937 -0.323442 -0.349715 -0.372494 -0.391551 -0.406696 -0.417777 -0.424683 -0.427347 -0.425741 -0.41988 -0.409825 -0.395675 -0.377571 -0.355694 -0.330264 -0.301534 -0.269791 -0.235352 -0.198562 -0.159787 -0.119417 -0.0778526 -0.0355106 0.007186 0.0498108 0.0919379 0.133146 0.173025 0.211174 0.247214 0.280783 0.311547 0.339198 0.36346 0.38409 0.400882 0.413669 0.422323 0.426757 0.426927 0.422832 0.414511 0.402049 0.38557 0.365238 0.341257 0.313866 0.28334 0.249982 0.214126 0.176131 0.136376 0.0952587 0.0531892 0.0105883 -0.0321181 -0.0745039 -0.116145 -0.156626 -0.195542 
0 0.033443 0.0665519 0.0989958 0.130451 0.160602 0.189149 0.215805 0.240306 0.262405 0.281883 0.298544 0.312222 0.322781 0.330114 0.334149 0.334845 0.332196 0.326227 0.316999 0.304604 0.289165 0.270837 0.249802 0.226272 0.200481 0.172687 0.143167 0.112217 0.0801457 0.0472735 0.013929 -0.0195547 -0.0528429 -0.0856033 -0.117508 -0.148239 -0.177489 -0.204965 -0.230394 -0.25352 -0.274113 -0.291968 -0.306905 -0.318775 -0.327461 -0.332875 -0.334963 -0.333703 -0.32911 -0.321228 -0.310137 -0.295947 -0.2788 -0.258867 -0.236348 -0.211467 -0.184473 -0.155636 -0.125244 -0.0936009 -0.0610223 -0.0278339 0.00563252 0.0390426 0.0720627 0.104363 0.13562 0.165522 0.193771 0.220083 0.244196 0.265869 0.284886 0.301057 0.314219 0.324242 0.331025 0.3345 0.334634 0.331423 0.324902 0.315134 0.302217 0.28628 0.267484 0.246014 0.222087 0.19594 0.167836 0.138055 0.106894 0.0746656 0.0416907 0.00829928 -0.0251747 -0.0583975 -0.0910365 -0.122766 -0.153269 
0 0.0238851 0.0475315 0.070703 0.093168 0.114702 0.13509 0.154129 0.171627 0.18741 0.201321 0.213221 0.22299 0.230531 0.235768 0.23865 0.239147 0.237255 0.232992 0.226402 0.217549 0.206522 0.193432 0.178409 0.161604 0.143184 0.123333 0.10225 0.0801457 0.0572402 0.0337628 0.00994811 -0.013966 -0.0377405 -0.061138 -0.0839246 -0.105873 -0.126763 -0.146387 -0.164548 -0.181064 -0.195772 -0.208524 -0.219192 -0.22767 -0.233873 -0.23774 -0.239231 -0.238332 -0.235051 -0.229422 -0.2215 -0.211366 -0.199119 -0.184883 -0.1688 -0.15103 -0.131751 -0.111156 -0.0894497 -0.0668499 -0.0435823 -0.019879 0.00402276 0.0278843 0.0514673 0.074536 0.0968601 0.118216 0.138391 0.157184 0.174405 0.189884 0.203466 0.215015 0.224416 0.231574 0.236419 0.238901 0.238996 0.236703 0.232045 0.225069 0.215844 0.204462 0.191037 0.175704 0.158615 0.139941 0.119869 0.098599 0.0763439 0.0533263 0.0297756 0.00592736 -0.0179798 -0.0417076 -0.0650185 -0.0876799 -0.109465 
0 0.0140885 0.0280362 0.0417038 0.0549547 0.0676565 0.0796824 0.090912 0.101233 0.110543 0.118748 0.125767 0.131529 0.135977 0.139067 0.140767 0.14106 0.139944 0.137429 0.133542 0.12832 0.121816 0.114095 0.105234 0.0953214 0.0844564 0.0727475 0.0603118 0.0472735 0.0337628 0.0199149 0.00586784 -0.00823777 -0.0222611 -0.036062 -0.0495025 -0.0624485 -0.0747705 -0.0863454 -0.0970576 -0.1068 -0.115475 -0.122997 -0.129289 -0.13429 -0.137949 -0.14023 -0.141109 -0.140579 -0.138644 -0.135323 -0.130651 -0.124673 -0.11745 -0.109053 -0.0995658 -0.0890844 -0.0777127 -0.0655646 -0.0527615 -0.0394311 -0.0257068 -0.0117255 0.0023728 0.0164474 0.0303577 0.0439647 0.0571325 0.0697293 0.0816294 0.092714 0.102872 0.112002 0.120014 0.126826 0.132371 0.136593 0.13945 0.140914 0.140971 0.139618 0.136871 0.132756 0.127314 0.120601 0.112683 0.103638 0.0935582 0.0825435 0.070704 0.0581582 0.0450311 0.0314543 0.017563 0.00349623 -0.0106053 -0.024601 -0.0383508 -0.0517176 -0.0645675 
0 0.00415113 0.00826077 0.0122879 0.0161922 0.0199348 0.0234781 0.0267869 0.029828 0.0325711 0.0349888 0.0370569 0.0387547 0.0400653 0.0409755 0.0414764 0.0415628 0.0412339 0.0404931 0.0393476 0.0378091 0.0358927 0.0336177 0.0310068 0.0280861 0.0248848 0.0214348 0.0177707 0.013929 0.00994811 0.00586784 0.00172894 -0.00242723 -0.00655915 -0.0106255 -0.0145857 -0.0184002 -0.0220309 -0.0254414 -0.0285977 -0.0314682 -0.0340244 -0.0362406 -0.0380947 -0.0395681 -0.0406462 -0.0413182 -0.0415773 -0.041421 -0.0408509 -0.0398726 -0.0384959 -0.0367345 -0.0346061 -0.0321319 -0.0293367 -0.0262484 -0.0228978 -0.0193184 -0.015546 -0.0116182 -0.00757442 -0.00345489 0.000699139 0.00484618 0.0089448 0.012954 0.0168339 0.0205455 0.0240518 0.0273178 0.0303109 0.0330011 0.0353616 0.0373688 0.0390025 0.0402466 0.0410886 0.04152 0.0415365 0.041138 0.0403285 0.0391161 0.0375128 0.0355347 0.0332015 0.0305366 0.0275666 0.0243212 0.0208327 0.0171361 0.0132683 0.00926789 0.00517487 0.00103015 -0.00312482 -0.00724861 -0.0112999 -0.0152384 -0.0190246 
-0 -0.0058277 -0.0115972 -0.0172508 -0.022732 -0.0279861 -0.0329605 -0.0376057 -0.0418751 -0.0457261 -0.0491202 -0.0520235 -0.054407 -0.0562469 -0.0575248 -0.058228 -0.0583493 -0.0578876 -0.0568476 -0.0552395 -0.0530795 -0.0503891 -0.0471953 -0.0435299 -0.0394296 -0.0349353 -0.030092 -0.024948 -0.0195547 -0.013966 -0.00823777 -0.00242723 0.00340755 0.00920828 0.014917 0.0204767 0.0258318 0.0309288 0.0357167 0.0401478 0.0441777 0.0477663 0.0508775 0.0534805 0.055549 0.0570625 0.0580059 0.0583697 0.0581503 0.0573499 0.0559764 0.0540437 0.0515709 0.0485829 0.0451095 0.0411853 0.0368497 0.0321458 0.0271208 0.0218247 0.0163107 0.0106336 0.00485026 -0.000981509 -0.00680347 -0.0125575 -0.018186 -0.0236328 -0.0288435 -0.033766 -0.0383511 -0.042553 -0.0463297 -0.0496436 -0.0524614 -0.054755 -0.0565015 -0.0576835 -0.0582892 -0.0583124 -0.057753 -0.0566165 -0.0549144 -0.0526635 -0.0498865 -0.046611 -0.0428698 -0.0387003 -0.0341441 -0.0292467 -0.0240571 -0.0186271 -0.013011 -0.00726492 -0.00144621 0.00438689 0.0101762 0.0158638 0.0213929 0.0267083 
-0 -0.0157483 -0.0313392 -0.046617 -0.061429 -0.0756273 -0.0890699 -0.101623 -0.11316 -0.123566 -0.132738 -0.140584 -0.147025 -0.151997 -0.15545 -0.15735 -0.157678 -0.156431 -0.15362 -0.149275 -0.143438 -0.136168 -0.127537 -0.117632 -0.106551 -0.0944064 -0.0813181 -0.0674173 -0.0528429 -0.0377405 -0.0222611 -0.00655915 0.00920828 0.0248837 0.0403105 0.0553345 0.0698057 0.0835793 0.0965179 0.108492 0.119382 0.12908 0.137487 0.144521 0.150111 0.154201 0.15675 0.157734 0.157141 0.154978 0.151266 0.146043 0.139361 0.131287 0.1219 0.111296 0.0995796 0.0868682 0.0732889 0.0589774 0.0440766 0.0287354 0.0131069 -0.00265235 -0.0183851 -0.0339342 -0.0491443 -0.0638634 -0.0779443 -0.0912464 -0.103637 -0.114992 -0.125198 -0.134153 -0.141767 -0.147965 -0.152685 -0.155879 -0.157516 -0.157579 -0.156067 -0.152996 -0.148396 -0.142314 -0.134809 -0.125958 -0.115848 -0.104581 -0.0922681 -0.0790338 -0.0650099 -0.0503363 -0.0351599 -0.0196321 -0.00390813 0.0118548 0.0274993 0.042869 0.0578105 0.0721744 
-0 -0.0255116 -0.0507682 -0.0755176 -0.0995124 -0.122513 -0.144289 -0.164624 -0.183314 -0.200172 -0.215031 -0.22774 -0.238174 -0.246229 -0.251823 -0.254901 -0.255432 -0.253411 -0.248858 -0.241819 -0.232363 -0.220586 -0.206604 -0.190558 -0.172609 -0.152934 -0.131732 -0.109213 -0.0856033 -0.061138 -0.036062 -0.0106255 0.014917 0.0403105 0.0653013 0.0896396 0.113082 0.135395 0.156355 0.175753 0.193394 0.209104 0.222724 0.234118 0.243174 0.249799 0.253929 0.255522 0.254561 0.251057 0.245045 0.236584 0.225759 0.212679 0.197473 0.180295 0.161315 0.140723 0.118725 0.0955409 0.0714022 0.0465501 0.0212327 -0.00429669 -0.0297831 -0.054972 -0.0796116 -0.103456 -0.126266 -0.147815 -0.167887 -0.186282 -0.202815 -0.217322 -0.229657 -0.239698 -0.247343 -0.252518 -0.255169 -0.255271 -0.252822 -0.247847 -0.240395 -0.230542 -0.218385 -0.204046 -0.187669 -0.169416 -0.14947 -0.128031 -0.105313 -0.0815427 -0.0569576 -0.0318032 -0.006331 0.0192042 0.0445478 0.069446 0.0936506 0.116919 
-0 -0.0350199 -0.0696899 -0.103664 -0.136601 -0.168174 -0.198067 -0.225981 -0.251636 -0.274778 -0.295174 -0.312621 -0.326944 -0.338 -0.345679 -0.349905 -0.350634 -0.347859 -0.341609 -0.331946 -0.318966 -0.302799 -0.283607 -0.261581 -0.236941 -0.209934 -0.180829 -0.149918 -0.117508 -0.0839246 -0.0495025 -0.0145857 0.0204767 0.0553345 0.0896396 0.123049 0.155229 0.185858 0.214629 0.241257 0.265474 0.287038 0.305734 0.321376 0.333806 0.342901 0.34857 0.350756 0.349438 0.344628 0.336375 0.32476 0.309901 0.291945 0.271073 0.247492 0.221438 0.193171 0.162975 0.13115 0.0980143 0.0638996 0.0291463 -0.0058981 -0.0408835 -0.0754605 -0.109283 -0.142015 -0.173327 -0.202907 -0.23046 -0.25571 -0.278405 -0.298319 -0.315252 -0.329035 -0.33953 -0.346633 -0.350272 -0.350412 -0.34705 -0.340221 -0.329993 -0.316467 -0.299779 -0.280096 -0.257614 -0.232559 -0.205179 -0.17575 -0.144564 -0.111934 -0.0781861 -0.0436565 -0.0086906 0.0263618 0.061151 0.095329 0.128555 0.160496 
-0 -0.0441783 -0.0879153 -0.130774 -0.172326 -0.212156 -0.249866 -0.28508 -0.317445 -0.346638 -0.372368 -0.394378 -0.412446 -0.426394 -0.436082 -0.441412 -0.442332 -0.438832 -0.430948 -0.418757 -0.402383 -0.381988 -0.357776 -0.32999 -0.298906 -0.264836 -0.22812 -0.189124 -0.148239 -0.105873 -0.0624485 -0.0184002 0.0258318 0.0698057 0.113082 0.155229 0.195824 0.234463 0.27076 0.304351 0.334901 0.362104 0.38569 0.405422 0.421104 0.432577 0.439729 0.442487 0.440823 0.434755 0.424344 0.409692 0.390947 0.368295 0.341964 0.312216 0.279348 0.24369 0.205596 0.165448 0.123647 0.0806107 0.0367686 -0.00744058 -0.0515755 -0.095195 -0.137863 -0.179155 -0.218655 -0.255972 -0.29073 -0.322584 -0.351214 -0.376336 -0.397697 -0.415084 -0.428324 -0.437285 -0.441876 -0.442052 -0.437811 -0.429196 -0.416293 -0.39923 -0.378177 -0.353347 -0.324986 -0.293378 -0.258838 -0.221712 -0.182371 -0.141207 -0.0986334 -0.0550736 -0.0109634 0.0332559 0.0771433 0.12026 0.162175 0.202469 
-0 -0.0528954 -0.105262 -0.156577 -0.206328 -0.254017 -0.299168 -0.34133 -0.380081 -0.415035 -0.445842 -0.472194 -0.493828 -0.510528 -0.522127 -0.528509 -0.52961 -0.52542 -0.51598 -0.501384 -0.481779 -0.45736 -0.428371 -0.395102 -0.357885 -0.317092 -0.273131 -0.226441 -0.177489 -0.126763 -0.0747705 -0.0220309 0.0309288 0.0835793 0.135395 0.185858 0.234463 0.280726 0.324184 0.364403 0.400981 0.433553 0.461792 0.485418 0.504193 0.517931 0.526493 0.529796 0.527804 0.520539 0.508073 0.49053 0.468086 0.440965 0.409439 0.373821 0.334468 0.291773 0.246163 0.198093 0.148044 0.0965163 0.0440236 -0.00890871 -0.061752 -0.113978 -0.165066 -0.214504 -0.261799 -0.306478 -0.348095 -0.386234 -0.420514 -0.450592 -0.476168 -0.496986 -0.512839 -0.523567 -0.529064 -0.529275 -0.524198 -0.513883 -0.498433 -0.478003 -0.452797 -0.423067 -0.38911 -0.351265 -0.30991 -0.265459 -0.218355 -0.16907 -0.118095 -0.0659404 -0.0131266 0.0398178 0.0923648 0.143989 0.194174 0.242419 
-0 -0.0610839 -0.121557 -0.180816 -0.238269 -0.29334 -0.345481 -0.39417 -0.43892 -0.479285 -0.514861 -0.545292 -0.570275 -0.589561 -0.602955 -0.610325 -0.611597 -0.606758 -0.595856 -0.579001 -0.556361 -0.528161 -0.494685 -0.456266 -0.413287 -0.36618 -0.315413 -0.261496 -0.204965 -0.146387 -0.0863454 -0.0254414 0.0357167 0.0965179 0.156355 0.214629 0.27076 0.324184 0.37437 0.420815 0.463056 0.500669 0.533281 0.560563 0.582245 0.598109 0.607998 0.611811 0.609511 0.601121 0.586725 0.566467 0.540549 0.509229 0.472822 0.43169 0.386245 0.336941 0.28427 0.228759 0.170963 0.111458 0.0508387 -0.0102878 -0.0713116 -0.131623 -0.190619 -0.247711 -0.302327 -0.353923 -0.401982 -0.446025 -0.485612 -0.520346 -0.549882 -0.573923 -0.592229 -0.604618 -0.610967 -0.61121 -0.605347 -0.593435 -0.575593 -0.552001 -0.522893 -0.488561 -0.449346 -0.405643 -0.357886 -0.306553 -0.252158 -0.195243 -0.136377 -0.0761483 -0.0151587 0.0459818 0.106663 0.166279 0.224233 0.279947 
-0 -0.0686621 -0.136638 -0.203249 -0.267829 -0.329733 -0.388342 -0.443071 -0.493373 -0.538746 -0.578735 -0.612942 -0.641025 -0.662703 -0.677759 -0.686043 -0.687473 -0.682034 -0.66978 -0.650833 -0.625384 -0.593686 -0.556056 -0.512871 -0.464561 -0.411609 -0.354544 -0.293937 -0.230394 -0.164548 -0.0970576 -0.0285977 0.0401478 0.108492 0.175753 0.241257 0.304351 0.364403 0.420815 0.473022 0.520503 0.562783 0.599441 0.630108 0.65448 0.672312 0.683427 0.687714 0.685128 0.675698 0.659516 0.636744 0.60761 0.572405 0.531481 0.485247 0.434164 0.378743 0.319538 0.25714 0.192173 0.125285 0.0571459 -0.0115642 -0.0801587 -0.147952 -0.214268 -0.278442 -0.339835 -0.397831 -0.451853 -0.50136 -0.545858 -0.584902 -0.618101 -0.645125 -0.665702 -0.679629 -0.686764 -0.687038 -0.680447 -0.667057 -0.647003 -0.620483 -0.587764 -0.549173 -0.505093 -0.455968 -0.402286 -0.344585 -0.283441 -0.219465 -0.153296 -0.0855954 -0.0170393 0.0516864 0.119896 0.186908 0.252052 0.314678 
-0 -0.0755542 -0.150353 -0.22365 -0.294713 -0.36283 -0.427323 -0.487546 -0.542897 -0.592824 -0.636827 -0.674468 -0.70537 -0.729223 -0.745791 -0.754907 -0.75648 -0.750494 -0.73701 -0.716162 -0.688159 -0.653279 -0.611872 -0.564352 -0.511192 -0.452925 -0.390133 -0.323442 -0.25352 -0.181064 -0.1068 -0.0314682 0.0441777 0.119382 0.193394 0.265474 0.334901 0.400981 0.463056 0.520503 0.57275 0.619274 0.659611 0.693357 0.720175 0.739797 0.752028 0.756744 0.7539 0.743523 0.725716 0.700659 0.668601 0.629862 0.58483 0.533955 0.477744 0.41676 0.351612 0.282951 0.211462 0.137861 0.0628821 -0.0127249 -0.0882048 -0.162803 -0.235775 -0.306392 -0.373946 -0.437765 -0.497209 -0.551686 -0.60065 -0.643613 -0.680145 -0.709881 -0.732524 -0.747848 -0.7557 -0.756001 -0.748749 -0.734015 -0.711947 -0.682766 -0.646762 -0.604297 -0.555793 -0.501737 -0.442667 -0.379173 -0.311892 -0.241494 -0.168684 -0.0941873 -0.0187497 0.0568746 0.131931 0.205669 0.277352 0.346265 
-0 -0.0816914 -0.162567 -0.241817 -0.318652 -0.392303 -0.462034 -0.527149 -0.586996 -0.640978 -0.688556 -0.729255 -0.762666 -0.788458 -0.806371 -0.816227 -0.817928 -0.811457 -0.796877 -0.774336 -0.744057 -0.706344 -0.661574 -0.610193 -0.552716 -0.489716 -0.421823 -0.349715 -0.274113 -0.195772 -0.115475 -0.0340244 0.0477663 0.12908 0.209104 0.287038 0.362104 0.433553 0.500669 0.562783 0.619274 0.669577 0.713191 0.749678 0.778674 0.79989 0.813115 0.818214 0.815139 0.803918 0.784666 0.757573 0.722911 0.681025 0.632335 0.577327 0.516551 0.450613 0.380173 0.305935 0.228639 0.149059 0.0679899 -0.0137586 -0.0953696 -0.176028 -0.254927 -0.33128 -0.404322 -0.473324 -0.537597 -0.596499 -0.64944 -0.695893 -0.735392 -0.767544 -0.792026 -0.808595 -0.817085 -0.817411 -0.809569 -0.793638 -0.769778 -0.738226 -0.699298 -0.653384 -0.60094 -0.542493 -0.478624 -0.409973 -0.337227 -0.261111 -0.182386 -0.101838 -0.0202727 0.0614944 0.142648 0.222375 0.299882 0.374392 
